| 7.40342 9.36351 2.52882 1.89945 4.03484 3.49696 3.4243 2.14888 6.2066 4.31013 0.334472 1.46879 5.91842 0.916354 1.16904 7.98568 5.36633 1.97687 5.31539 5.79391 8.28296 1.68462 3.4844 2.33233 9.39624 2.57294 3.4034 1.01139 8.38066 3.70479 6.4481 3.23342 4.01259 9.51751 0.725258 9.40624 0.631698 6.94332 6.33701 6.1235 7.70064 4.6398 1.09524 7.62379 2.9586 5.15695 2.91701 6.15566 8.20653 7.09521 9.19747 1.8322 3.82384 7.32702 5.25871 3.06173 8.48088 8.07861 7.19838 3.23242 7.20186 1.61009 0.717396 7.26887 7.91643 1.36945 6.38317 1.86626 6.19276 1.68703 3.97287 2.03324 2.63376 5.64642 9.4634 1.32839 6.1755 1.69916 7.71627 7.3797 0.650146 7.01178 6.98891 2.68851 5.84674 6.14151 0.291632 1.45816 7.22332 2.26084 7.98634 6.36755 9.38415 9.49259 1.93835 7.8779 3.85448 2.21963 5.31024 9.18207 |
| 2.98905 6.93365 3.82895 3.12907 0.337677 5.33002 1.60718 1.85581 0.549936 2.7689 6.86583 3.96655 5.87417 7.24481 3.48668 0.651951 7.3453 2.46358 5.35233 6.61455 0.72794 4.49559 7.45213 7.8816 6.06355 0.0593535 7.5545 8.55318 3.2907 6.87006 5.01762 1.16081 9.71393 2.01734 5.39542 0.801645 3.24831 4.37524 4.69122 5.40831 7.42592 7.43264 0.299054 6.2032 7.23617 8.38368 4.54457 0.658367 5.18218 6.92355 4.18105 0.841278 9.35138 8.67789 9.22378 4.00133 0.278793 5.67694 2.28953 0.142338 2.26657 4.2265 4.70994 0.0267083 8.88634 2.70776 9.28585 7.26605 0.545135 2.07614 3.60109 3.52075 3.31349 9.90321 3.26074 3.25227 0.934443 5.17973 5.75881 8.29986 5.74786 4.32 6.20091 8.64349 1.08119 1.58425 6.40634 1.33011 5.09026 2.00358 4.24728 4.0516 5.19178 8.29444 4.73486 8.75093 6.79699 7.08635 0.221981 0.827252 |
| 3.62349 9.96035 3.60086 9.62283 0.91811 0.672491 2.56254 8.52968 8.31169 4.60863 7.18657 4.72493 1.95104 1.1103 0.876799 6.35286 2.44154 5.01691 9.22505 5.37937 1.00862 1.83873 3.47088 5.16202 8.04239 8.47747 0.838658 5.33111 9.91932 3.9725 5.88281 2.34757 5.64792 4.67072 0.867193 4.90934 1.21706 5.08987 5.50621 2.89094 8.06916 8.43876 0.261618 7.00796 2.78099 0.0976976 2.00318 7.5267 1.23754 9.34556 0.839661 2.18042 6.30803 9.1146 9.16532 1.60532 0.690579 6.55453 1.92749 5.3485 2.2058 2.87748 1.81947 9.87493 8.0202 5.45823 6.51085 7.80545 6.1291 1.81805 5.98792 8.90625 7.34225 1.2702 8.2648 6.41733 6.00401 9.40827 4.76007 2.4607 6.90945 7.16728 0.46515 7.77403 8.08272 6.20599 4.00257 1.12135 6.5913 9.93517 0.481665 5.35187 8.81479 0.168277 8.23149 6.73065 2.0528 1.33845 5.39483 0.977673 |
| 1.75512 8.35061 8.69963 4.66122 1.09687 5.14858 2.15185 6.18274 3.32547 1.23593 2.3377 9.71731 8.88616 9.74078 3.31036 7.28841 6.28012 0.0164321 6.17355 8.90675 5.69933 8.63576 1.18389 7.6147 0.187792 6.21702 9.47171 0.994015 6.40457 1.58849 7.81851 5.77029 1.18895 2.65133 0.871083 0.284799 6.61511 0.135393 5.5477 0.161511 4.51318 2.93826 3.3805 6.12409 7.52015 1.15645 6.42483 2.18481 0.0283619 6.67926 8.38563 7.34997 1.02804 8.23096 7.74903 7.97174 1.11465 3.91694 1.96835 2.0033 9.4786 6.7619 7.31292 8.18256 4.32943 4.7291 2.04189 8.02571 8.12894 3.09883 1.97265 4.37069 8.10582 4.49017 6.20926 9.04769 4.53132 7.94784 9.32153 6.96488 8.80748 7.24356 2.59278 6.8497 2.92874 3.37938 7.31396 5.65399 6.65692 2.93827 3.42339 6.95117 8.23732 4.55917 5.9893 2.08115 7.83286 6.85791 0.929938 9.46704 |
| 2.61942 4.63268 1.43913 7.42691 4.08441 6.674 9.86697 4.18936 0.596362 3.05737 5.13606 1.69703 1.92143 3.52109 9.03645 5.59541 2.09654 6.57474 1.64913 6.89514 6.66397 1.33542 4.45167 9.15323 8.26005 6.6714 6.18088 2.09435 9.69235 9.29948 6.36587 1.22527 3.10774 1.76936 7.63575 3.97263 8.01518 1.13333 7.87401 8.48567 8.6287 2.52924 8.99319 8.57063 6.60495 9.31737 7.0452 8.62349 5.07982 6.52519 8.93807 2.21237 3.36437 4.97451 6.66575 1.1816 9.06826 0.273629 8.88415 5.84196 5.79631 8.62007 7.44471 3.31499 5.11226 1.73786 8.21928 1.35537 9.76213 2.05634 0.890472 6.15548 5.21505 9.40645 4.17516 1.99228 4.20269 4.55723 3.39505 0.601001 1.01567 0.412995 1.1993 6.71252 7.31761 7.11228 6.07663 9.96397 4.48735 8.89174 3.41898 2.75781 0.528741 6.55319 9.43067 1.29186 2.2632 7.65977 7.7232 3.88343 |
| 8.74134 5.61824 5.78523 2.42299 3.24238 4.65071 4.41017 1.72026 2.40694 3.36146 6.07176 8.05804 1.55007 2.06494 5.50135 1.16674 9.43933 6.76755 2.20005 6.27214 5.92388 2.68805 8.01129 5.76953 8.46726 9.29208 1.97591 9.08186 8.79837 4.16761 4.99449 2.35289 4.99845 8.98284 4.58856 0.00545366 1.6597 4.53651 5.07169 9.81754 3.41604 3.35456 0.0794884 5.96131 1.75142 6.05475 2.10583 2.75393 5.2958 6.45826 3.95807 3.26927 6.68403 8.46254 9.90616 2.89103 9.61276 1.63672 8.29931 6.57348 0.463225 5.41802 0.612841 0.0148074 8.86766 8.82543 8.9544 6.67148 7.60325 7.77196 3.4036 4.37446 1.4836 4.86779 2.99629 8.643 2.96454 5.05954 5.68274 9.86479 7.51601 1.62104 4.74625 0.24238 3.68225 7.63899 8.56531 7.22562 0.946195 2.69624 5.69489 4.05375 1.30876 6.24841 7.06362 8.20672 0.388859 5.56023 0.775995 2.14536 |
| 7.09121 2.04268 1.31802 1.90832 3.17804 3.35671 6.24671 8.38788 5.06634 0.04439 6.06336 6.94579 7.87625 6.08785 8.50872 6.08 6.48452 5.40114 6.96362 7.5282 6.52063 2.17016 3.83301 1.4316 0.868493 6.76604 6.79801 4.07317 7.72963 1.95486 5.38882 9.93846 5.75642 8.08054 9.63148 6.3495 6.10546 4.44879 0.770611 1.65375 4.56959 1.06533 5.03267 4.00247 9.48204 4.68619 0.844388 1.62503 1.92632 5.62362 6.20296 3.2279 1.30548 1.27881 2.9933 8.44154 6.97628 0.280852 0.276533 7.69713 5.71123 8.63479 4.90637 1.37678 9.57053 1.91314 4.18832 3.10951 1.60043 8.38441 6.77476 3.44452 2.06312 4.89821 4.21528 6.17216 5.50269 3.78229 8.92421 9.24288 5.14027 2.4474 3.52625 5.63374 6.22904 1.42162 3.14095 9.90532 8.68962 6.40391 0.443275 0.115931 8.45516 5.88208 0.139219 9.8522 5.92863 2.52641 1.2957 6.7823 |
| 0.193041 4.43437 8.42748 0.620786 3.54808 2.66283 4.16456 3.74578 5.29319 2.6716 1.60248 2.83687 9.27195 3.63336 5.80886 9.55402 4.44941 1.2772 5.87282 4.49042 0.521434 3.7382 7.95175 4.99753 3.414 9.09737 9.45012 8.12526 1.32647 3.94151 4.9034 1.41207 2.60036 4.19545 2.9486 7.15079 3.31103 8.4978 2.59257 3.2952 2.4115 0.110203 2.18354 8.75778 1.96327 6.68492 3.43493 0.902527 8.76477 9.42064 2.65559 2.5499 6.21742 6.18712 6.99313 3.55128 6.33419 8.74658 3.70011 7.82189 2.52164 1.15211 3.52416 0.572699 5.35345 5.36293 4.76095 7.26913 2.18915 3.10951 1.55276 7.31928 5.13835 0.265218 7.51065 1.43677 7.71356 1.88603 8.58758 1.50255 3.39656 5.99718 4.56131 1.90325 7.94489 9.75956 8.92929 4.53966 8.13963 2.83609 6.20003 3.95809 3.57552 3.75768 5.2988 6.88583 0.0730342 7.48572 2.49255 2.27569 |
| 7.44184 4.99624 1.85431 5.37548 5.6888 1.67435 0.779206 6.12297 8.74688 8.83327 0.826378 8.94036 0.600637 4.89983 1.52383 0.976329 9.15343 1.68761 3.64571 3.53174 7.91962 5.10397 2.47513 9.55554 0.0280222 0.968675 0.523137 2.37058 2.37278 9.28851 1.98914 1.39708 0.68534 8.50145 3.94989 5.87744 2.12855 4.58746 1.42675 9.36594 3.28636 3.86952 4.98334 4.96198 6.02191 0.282703 1.39535 1.67346 5.81308 0.356837 7.35741 5.9455 6.02129 9.85712 8.59239 2.26771 3.38584 5.79221 9.63571 7.34179 3.5433 2.32194 4.83878 5.31526 3.64244 8.545 5.78155 0.563136 4.61876 7.51592 0.00794269 3.49274 2.42942 1.30356 8.98369 8.88742 0.859769 0.139401 2.91403 6.14211 0.440555 4.40031 5.98092 1.40592 9.22912 3.88201 4.96068 4.10283 6.34558 0.23764 4.00848 0.594272 7.93246 0.912114 9.89891 0.956358 3.50424 5.82902 8.41695 3.66994 |
| 0.719417 1.23829 1.90133 5.5978 2.24276 4.12818 2.26591 3.19836 4.81267 6.5672 4.98545 0.39352 3.89639 6.69734 2.2726 5.51067 7.84142 0.743363 3.70361 6.634 7.6998 0.462331 0.392014 8.58263 8.24462 7.30638 8.35097 4.83339 4.77192 1.65604 3.01647 7.81883 1.06584 3.60254 7.88048 7.30985 6.58065 0.969354 1.93406 5.78107 2.48859 5.76736 1.94895 6.08034 2.20623 0.0472959 4.90257 7.46665 1.99255 8.8521 7.21103 5.84881 0.884872 2.0484 7.49682 8.99446 9.87487 6.93343 0.120971 3.15581 9.64813 6.07051 7.14544 3.37251 1.75167 0.24334 9.81467 5.16632 0.259901 8.15605 8.725 1.07743 8.29185 1.10598 8.19714 9.36789 6.06093 5.9803 0.947147 8.70594 0.709696 7.85688 0.605119 0.236935 2.16476 3.1441 2.84233 1.08097 7.91086 7.8301 0.41608 3.06434 2.37303 3.56359 3.19053 3.24827 3.7334 7.27722 8.21583 3.5286 |
| 5.19149 3.45618 8.07423 3.54074 9.28544 0.380178 9.65299 7.84551 9.45552 8.92226 6.45259 8.63853 7.7169 7.89552 0.0838072 8.54689 7.65217 0.05939 8.16786 7.16964 0.0798049 1.28089 7.98602 0.992241 6.6005 4.6452 1.85474 2.6839 8.30612 1.03632 7.4454 4.82461 7.21426 0.0367868 8.27628 9.51006 5.52072 6.80984 2.92039 3.03584 3.28168 5.23165 8.28026 6.24958 6.63987 6.30696 1.09337 6.30821 2.12228 9.13731 0.730644 9.93628 9.00386 7.9428 4.59451 9.91649 6.48624 4.29938 9.72331 9.73198 5.44074 2.57292 3.11179 9.9134 4.52635 4.40088 5.54084 4.81413 1.13018 5.01816 0.141176 2.74893 1.34429 3.48929 4.56821 7.96666 5.72012 8.01059 4.06918 0.789367 6.89145 4.61518 7.3896 7.0044 2.93681 9.03142 1.01913 8.46595 7.21201 2.30649 5.12267 6.70018 9.92673 8.57965 8.19984 4.70463 0.790837 1.60282 8.60436 3.41416 |
| 1.86344 8.85058 1.71429 2.04259 9.86623 1.64862 8.39078 3.75724 7.92417 1.45881 8.29004 0.639411 6.58008 1.41359 8.24087 4.35083 4.43702 2.95349 9.35122 6.01528 8.75287 9.51466 2.91741 2.9351 0.18475 5.09346 5.70124 0.796266 2.83982 8.78493 8.2424 9.98736 7.50813 9.08319 1.24236 0.344178 4.60116 1.68221 2.91587 6.99984 6.31627 7.50861 7.13457 0.741912 9.31939 0.924375 5.9777 7.1788 4.14877 8.39375 3.68611 2.45127 8.50413 8.91215 6.52419 2.0364 5.83586 3.22266 3.32262 3.19517 1.30198 2.45598 7.60837 3.95203 1.75774 2.37981 7.41128 1.30256 2.07654 0.43445 1.79434 7.43241 6.5064 2.99107 0.897039 6.52975 5.54132 3.03667 7.36116 9.08176 7.14278 8.6639 4.24463 9.50398 3.41705 0.356564 2.77045 2.96325 3.29801 9.6013 9.04221 2.47819 1.00672 9.9703 0.805211 3.18241 6.81071 7.58043 4.35907 2.947 |
| 0.31276 6.55869 1.83904 8.73318 8.54001 1.94893 5.65317 2.87375 9.10881 1.77837 9.03083 1.20016 1.15695 4.77479 9.85098 5.34661 0.505013 7.75123 4.90587 2.92908 8.99739 9.08442 1.82242 9.48112 9.2443 8.89611 6.98802 7.69702 3.89817 6.59079 1.37743 0.48722 8.71231 7.82804 5.83253 7.3092 5.79505 7.42814 4.68349 5.44777 0.631042 5.92309 9.2929 5.82537 7.03638 0.420471 6.85456 4.57014 0.339423 4.68086 1.19716 0.715369 3.20718 3.101 8.55435 3.03851 8.27861 8.5908 5.51968 9.31806 8.59465 0.252836 9.40984 1.11137 8.878 2.47323 7.57496 2.42584 1.1648 6.83506 6.91903 8.20805 2.75506 4.25118 9.66576 2.49237 9.30229 3.60537 5.42223 1.49619 6.44664 8.71473 8.48376 6.49597 7.83246 0.221855 8.72399 4.1583 8.58606 5.96441 3.75545 7.82638 7.90233 4.45852 4.41357 8.94284 2.26032 9.23074 1.09782 1.04206 |
| 3.8305 9.24684 1.66738 3.63098 5.89493 6.04214 0.19859 7.7099 0.255725 7.96729 6.27186 1.2027 3.83273 6.65673 9.66395 1.95897 4.35252 2.78162 0.730055 0.0345109 0.0250611 1.20126 9.6206 3.46306 3.70289 4.39184 3.66083 7.50525 0.682657 3.41452 7.90618 9.17681 4.58356 5.80945 9.45023 0.036386 1.53895 5.20513 2.67911 7.84377 0.244066 2.02028 4.92381 4.54013 5.96929 5.87011 8.87646 6.72307 4.57517 4.90686 9.67375 6.72588 1.78336 2.95268 5.64091 6.80263 1.7934 1.62706 5.94324 8.0429 6.95562 3.0938 7.46453 6.43423 0.0654483 9.99017 4.83943 6.21841 2.88124 4.98751 5.03984 4.58459 3.23001 6.7821 6.81095 1.6946 1.14354 9.55278 3.51411 1.64005 4.30411 9.14703 4.14437 4.48355 5.01471 2.24584 5.90728 3.64151 2.89789 4.91247 3.95458 4.58301 6.6335 9.2859 8.13243 1.77828 7.5853 6.17069 0.853936 2.09542 |
| 7.74223 3.5849 1.3644 1.43802 8.85971 5.1512 6.16367 2.8805 2.523 4.01231 4.8803 3.2704 5.69678 5.84203 7.02748 0.829519 1.71795 3.56725 4.72638 6.20746 8.80785 3.56398 9.87973 8.5958 9.60228 5.54497 4.37365 7.94516 4.22497 9.12969 2.7123 5.5589 8.51107 5.55338 5.73431 6.62838 3.11499 3.67751 7.83116 8.27828 3.0736 7.95593 5.34618 3.18415 5.98882 4.13143 7.00917 3.19584 2.47194 5.81797 2.63632 8.59331 7.81432 5.30972 0.428429 0.603766 7.49288 2.82939 3.62937 8.86695 6.86767 4.99866 2.41181 5.23968 3.36527 0.0419972 5.84623 7.65999 1.47524 4.41444 3.48885 7.07799 9.72652 3.64651 6.90184 9.18462 5.90009 2.8415 7.1379 6.76439 9.16834 2.27355 1.59253 5.63463 1.22757 1.75419 2.73646 1.60464 9.15107 1.97818 7.21623 3.24798 8.88027 0.694791 7.35554 4.58179 6.22758 6.86474 5.70771 9.52981 |
| 7.58418 7.31541 0.0147411 7.75319 7.8444 0.756524 4.8927 1.54864 7.98383 4.25026 4.03877 9.67541 4.59941 2.30046 3.75162 3.49926 1.991 2.74591 0.557259 5.84372 5.39932 6.35758 1.90776 3.67949 1.20475 8.29137 3.06877 6.78099 8.03831 9.89445 5.99351 3.00034 6.70776 7.37736 1.20587 7.08256 6.61348 2.71563 1.59156 9.35915 9.18948 7.59432 7.68161 4.84073 8.19595 9.40564 0.516976 8.8213 9.57466 1.27951 4.65068 3.97698 1.10369 9.65235 7.07666 7.40517 8.66708 7.63056 6.90286 6.44529 5.91495 2.59934 7.07136 8.26814 2.70583 6.82238 3.78235 9.89288 9.67492 6.41099 9.57423 4.12722 6.21223 8.94119 4.50763 9.6571 6.84505 4.74175 4.56828 9.02416 9.10605 5.40173 6.87501 8.29849 2.65671 1.28373 5.59014 3.53476 8.64091 7.83213 4.55932 8.50352 8.59559 6.04261 8.21279 2.40496 0.105653 5.70238 9.92297 5.4095 |
| 7.51973 4.1268 9.18352 7.48441 0.479868 5.14662 9.24447 1.87569 4.73935 4.19924 6.5899 6.40574 1.32926 0.843059 9.29867 2.7627 2.76494 0.385125 2.80206 4.24505 6.63169 8.82685 2.79165 9.2051 0.0693757 5.99777 4.54462 1.50581 8.09388 3.86784 6.81733 8.87774 8.25208 2.66893 6.69532 8.21615 8.82557 1.28189 4.6943 7.07001 5.7347 3.05234 0.646878 2.08202 2.44594 8.95442 6.96333 2.64737 4.29443 6.46702 1.26474 6.47166 9.16153 7.86158 9.60598 7.66263 5.85201 4.71926 6.56255 6.71001 5.20541 7.26646 7.40291 0.747618 5.20861 1.11235 5.2776 0.700639 5.63525 1.67178 7.61709 0.482871 5.61919 1.70172 0.82274 7.78613 1.424 3.14089 9.0175 7.04293 0.536156 1.17231 3.00052 9.72506 9.14082 9.72574 0.467922 4.36652 8.05073 8.70245 2.07344 8.33282 9.74649 9.23755 5.43466 0.265841 7.99141 1.58114 4.13684 7.7967 |
| 9.16124 2.88652 3.66481 4.47142 1.13615 5.24178 8.58698 1.38838 4.48219 2.1272 1.82282 6.147 2.60921 3.06113 8.47838 6.20847 5.81635 5.43131 4.03408 0.822 5.34564 4.21748 3.14495 7.1138 1.55303 1.77194 0.932159 6.80117 7.3302 8.70115 0.163443 6.97954 5.09095 3.60672 8.22585 1.83412 6.11787 3.01762 7.05573 5.68759 1.26028 1.55875 7.86872 9.50228 4.75422 4.25354 9.17476 0.239099 8.53374 6.61484 5.66247 9.07102 6.60777 6.78978 5.80674 3.82633 9.18503 2.75717 9.67458 0.740946 3.07748 3.1834 3.36465 9.73303 2.95631 6.77354 2.93497 8.08165 8.25903 9.43906 2.33282 7.62778 0.0723754 6.41313 5.46064 6.97795 8.4082 6.5641 2.77668 7.59335 1.46467 6.7053 5.96389 5.05378 8.85201 5.6809 8.89585 2.48833 1.36111 6.17423 0.28394 2.18195 2.09263 0.880666 1.34772 1.15696 4.97561 5.11062 4.17918 9.4674 |
| 8.55854 3.39859 0.0939291 8.66602 9.83019 6.04213 0.144432 7.4684 1.4669 4.10838 9.52258 6.00513 8.28398 8.91289 8.93282 3.88413 0.518142 8.42033 0.44986 0.795506 0.0705466 5.67592 5.26686 0.191615 0.466582 1.84356 4.65788 5.03808 4.96429 4.79398 2.4313 2.82967 8.18651 0.690232 0.734682 7.79747 2.11881 0.794699 6.5044 9.38934 6.55742 0.63944 7.06492 0.179567 7.99058 7.7265 9.36738 7.47509 3.7652 1.68449 1.16521 3.73957 0.871112 0.779347 8.48794 6.8357 7.64953 5.72324 0.544159 5.68756 0.841963 0.863971 0.764244 4.65272 8.34538 0.885026 4.64003 4.91998 0.140851 7.27955 7.47642 6.26593 1.51002 8.91047 8.28234 1.351 6.25045 1.28911 6.10805 8.02335 8.45214 5.18192 2.56309 7.90238 5.33602 2.43038 7.41156 6.11311 3.0934 0.80179 5.68443 8.14256 1.95986 9.43487 1.88391 2.85856 3.87674 6.42362 1.82842 0.241402 |
| 7.23623 9.3925 9.76547 8.1844 5.18419 0.620457 8.02016 4.89231 5.01339 9.9846 1.13806 7.41911 3.04915 7.11005 8.63458 1.34709 0.62149 5.3821 7.00615 2.30409 4.85076 6.64987 4.28847 6.35532 3.8093 2.98832 4.72052 7.79517 3.46773 2.22031 6.72836 3.60732 8.26176 5.37062 3.93463 9.25478 5.13961 1.4314 7.51255 3.36248 3.23585 4.8966 7.13823 2.25577 2.65739 2.74787 3.45759 1.76676 3.94066 0.609161 8.16505 9.92779 6.4215 6.21085 5.7137 0.0830845 6.40162 2.05102 1.49619 6.54713 7.65993 0.456094 5.56367 8.56379 1.65781 2.77687 0.781267 0.751914 7.42119 7.92212 7.13259 7.49737 8.36442 0.860968 0.293319 9.81841 8.07545 4.15477 9.29639 4.35041 7.40847 4.12747 0.435573 0.677801 1.80764 1.02779 4.02937 1.68747 1.25452 4.79133 7.82553 3.72917 6.10109 0.955345 6.48643 7.43173 5.09226 5.65009 0.983043 2.00435 |
| 7.14694 8.58015 6.55198 9.20139 7.67858 3.85061 7.14478 2.27863 6.93697 9.69913 3.25267 7.60728 5.61328 2.41257 7.98884 8.42215 1.11185 6.91114 5.48974 5.98977 0.0942531 4.11263 0.923095 4.45401 8.53074 6.17194 1.73344 3.86814 1.84499 8.75285 9.11106 9.51368 6.36863 7.59745 0.287022 3.976 4.70541 3.78637 7.46928 6.12975 2.78522 1.20582 6.2003 8.35862 3.32766 7.96219 0.508474 5.92041 4.25473 9.26208 7.7569 0.265795 7.21644 6.70935 4.09783 2.26064 4.54939 1.54789 5.30691 3.28715 7.20604 1.95122 4.21127 8.77922 2.29362 8.79681 8.05172 5.23385 5.3972 0.786735 2.66065 7.49011 6.35516 1.19733 3.56691 9.00029 7.90014 7.72992 6.78146 6.05815 9.29671 9.87927 0.963524 3.95128 9.23477 8.765 3.33523 5.22647 1.21996 3.84041 5.70393 5.99895 4.32742 0.888274 9.22285 8.39281 7.89101 4.20262 3.39893 5.8024 |
| 1.01332 0.796148 0.861858 5.23973 4.10932 5.33952 1.24422 1.52803 1.6565 0.864284 6.02051 6.74662 0.435824 4.90013 6.44434 0.099112 5.77555 9.61205 9.73555 5.36177 5.34028 4.14012 2.91845 0.326151 1.61916 3.23596 6.74589 8.20219 4.23735 7.09706 0.318399 1.32373 7.93913 2.88461 1.5569 6.74943 7.63368 9.31606 5.01248 4.75769 2.53283 9.2603 7.93898 0.500615 3.83125 1.81223 8.217 3.08787 7.85473 4.49715 3.55142 8.78212 1.13595 1.93279 4.41015 1.45815 7.20641 8.13922 5.87884 5.68326 8.60692 6.54075 0.321981 1.53011 6.57424 3.28297 6.94575 7.2427 8.1039 2.25789 8.35182 8.97666 0.655007 8.70194 3.42937 7.47657 8.78023 9.33984 4.67628 4.22373 8.15369 9.07865 4.84252 8.18699 8.78669 7.89189 9.05934 0.266783 3.82947 1.97224 7.51526 8.89567 9.56424 6.2127 6.91375 9.42165 9.68671 4.56144 4.07116 3.91221 |
| 2.43381 5.01583 1.06443 9.83425 4.19478 1.72661 9.0625 3.5077 3.83314 3.63386 4.2867 6.54765 6.35863 9.4461 0.655075 9.83942 1.1315 7.1541 8.9904 1.73012 8.20442 1.68825 4.35164 8.01827 3.10801 6.37894 0.762206 0.395298 3.76988 0.380821 0.455573 6.82373 6.36964 4.52635 4.41504 3.62423 2.45977 1.28692 9.32686 6.4573 7.89969 0.089428 3.01579 6.36236 2.10542 5.86375 2.05787 6.6447 7.55493 5.6488 9.39557 1.32332 0.986727 3.92126 4.68103 4.07774 4.51367 1.30207 3.86856 8.86376 3.15663 3.52005 1.53849 7.35482 2.38534 0.369289 6.64274 4.51513 5.72238 5.96739 3.92639 0.817268 5.82026 1.12922 8.789 6.80679 1.77256 1.49823 0.707434 9.85148 3.89825 7.89998 5.01863 8.14552 1.70638 9.13151 3.32522 6.9326 6.28489 0.130904 0.111125 7.67529 8.60176 9.80618 2.51555 8.88768 5.28472 0.289439 4.60715 2.3402 |
| 1.70892 1.73467 4.53649 4.72819 6.62402 9.89845 3.20027 6.92544 5.84262 6.96321 0.682322 7.78658 9.08273 3.38962 9.27369 2.88903 5.89934 0.252866 9.92105 3.1597 5.01764 1.49985 7.93091 4.8399 4.11913 0.27837 8.56026 2.34802 3.11076 2.52861 8.32217 0.742632 1.41629 3.622 4.9 4.34171 1.15695 4.84969 8.66761 6.48955 9.78678 6.33369 0.345281 3.14605 5.73273 9.95102 6.83344 9.59601 0.0589775 1.23448 7.84312 9.32487 3.12902 9.49039 5.04907 9.775 8.39253 3.16881 8.24739 3.81568 0.0723059 5.24528 7.39189 5.55177 8.63551 7.03693 9.68689 7.59572 1.27162 2.09562 1.08996 8.87378 1.54097 9.03195 0.0455134 4.94315 9.49826 7.26314 1.56059 8.89855 7.89395 3.62356 1.12358 4.06231 5.24187 0.0872176 5.86699 6.4664 0.770987 7.97456 8.43343 0.591696 4.63871 2.80642 7.4897 9.32959 2.35567 1.78128 7.94987 3.40646 |
| 2.44754 5.77038 2.77911 8.49912 4.76045 8.8186 4.26241 8.26287 4.07282 1.89468 3.95691 3.84086 3.33261 1.14256 3.05917 5.51787 8.75984 6.67009 4.16022 0.796738 0.777554 8.35579 5.82833 6.71066 6.02333 4.05874 5.30346 5.30597 7.39485 5.25806 2.22792 4.66688 6.29926 1.58027 9.52868 8.569 9.1592 8.65578 7.63316 0.581362 0.948645 3.8818 1.46659 9.05732 6.34949 5.88624 0.0753416 6.26554 4.86355 1.75927 8.01852 7.31296 9.00175 2.38971 3.93818 8.9512 2.77245 6.58697 7.25881 8.74257 6.32548 2.41124 5.65262 3.52093 6.19047 3.19413 3.77718 3.04077 6.17092 4.57663 9.35973 8.96978 5.10665 7.42855 1.56459 6.10186 3.94242 0.292075 8.90338 9.12118 9.60385 1.85684 7.8405 5.25811 3.03599 5.94351 2.54877 7.20639 7.74595 6.10499 6.51582 1.43779 4.98707 7.62287 7.53815 3.62222 8.63858 8.62773 6.26331 7.4312 |
| 6.24925 1.10326 2.52949 3.22029 3.44539 6.59552 0.840124 9.9578 0.669623 4.34748 8.14742 3.71983 9.1924 6.67144 6.95123 9.35883 3.92421 4.23197 6.64505 3.37798 3.70931 2.42344 0.780972 5.79438 6.12467 7.28683 9.79303 1.41851 0.857436 0.919273 0.227066 6.3031 6.20745 8.59881 0.189663 7.66157 8.05078 9.38937 7.14511 7.81195 5.46857 0.217974 3.48244 9.37181 1.94761 3.42668 2.13231 7.77404 8.33621 6.71494 8.05895 6.79913 2.92212 2.02322 4.25678 3.78005 1.22537 4.87118 9.86378 0.626942 7.02036 1.12911 7.01719 7.96694 0.283673 7.69486 7.53256 9.68129 3.46759 9.71673 9.10531 3.02081 0.671057 8.45904 1.08051 0.152502 3.10533 1.30414 8.60206 4.88291 7.13259 7.39203 7.86579 0.413332 6.86254 8.7714 0.884806 0.93424 1.7773 1.02079 6.44209 2.18951 9.09121 5.88424 6.46703 1.43418 4.26477 8.01676 7.63694 4.01667 |
| 8.12902 4.36795 2.14038 3.32973 2.81121 8.02538 2.63092 7.80266 9.23381 2.65301 9.12154 5.66177 7.36637 6.58409 8.80622 6.18844 9.11209 6.96351 5.65183 0.335919 5.79416 2.46388 0.486428 5.40357 7.8193 8.98214 2.75987 5.10783 7.33179 5.31362 5.99673 7.09292 0.653538 4.01013 8.28467 0.465315 0.546519 5.34417 9.39137 0.8118 3.91521 2.88305 5.49047 8.30762 6.10363 3.77318 5.77923 1.4813 6.20451 9.22295 0.122668 1.68832 5.64698 8.83759 3.34489 7.56227 9.06767 0.330227 0.12431 9.28011 0.803704 7.84493 9.79848 3.13009 7.48948 5.65424 0.894982 1.96592 1.26141 0.584103 7.02405 3.14816 1.11942 4.11398 3.62958 2.40799 1.13992 8.62668 8.664 5.77625 1.44912 5.3786 8.18738 5.31881 3.27601 9.9294 3.42639 7.34884 1.87793 2.36329 9.75431 0.723445 8.94444 9.25269 9.90827 8.29354 9.48205 4.75561 7.58457 3.84424 |
| 0.152988 1.26902 8.37095 0.513645 2.83552 6.63793 3.71929 0.104968 4.1995 0.943472 6.93115 1.90184 4.15194 1.72983 3.18928 2.2736 2.46118 5.01374 5.86228 7.33234 4.57214 3.88473 0.63302 9.1731 2.32432 4.81251 3.77585 0.717927 6.19931 1.74034 9.93445 8.2892 6.57785 3.9515 2.88726 6.13535 6.78305 2.65653 8.36199 9.90307 0.955874 5.37366 5.16706 2.71588 5.80739 4.81949 1.10839 8.66088 3.40939 1.58563 9.71937 3.46267 7.11191 9.84356 0.63874 5.29665 0.75367 6.93576 9.28264 3.2555 5.11538 4.18713 3.17567 3.53865 4.07273 0.302253 9.96316 0.825953 1.79027 8.99277 1.43353 3.3498 0.155901 0.230392 2.19668 9.62903 5.12833 1.83682 1.441 8.87178 7.92499 5.29357 8.95351 1.72351 7.00478 9.38684 4.58414 5.58936 0.385673 2.00305 5.33031 6.47268 6.26794 5.26664 6.38291 7.60198 6.51351 2.57118 3.86199 8.47626 |
| 0.5315 2.91683 3.23377 9.8887 9.40422 6.75721 8.51179 7.60122 3.69 7.90531 4.54157 0.235105 1.413 8.29004 0.630098 0.0501126 2.24326 2.44722 0.35782 3.87559 6.9704 1.50221 7.65255 6.46833 3.14719 4.81193 4.08634 9.04394 1.47411 5.35801 2.1285 3.67897 2.5203 8.70014 3.17905 0.248599 8.20099 4.02293 3.40558 7.55591 2.24399 4.7523 1.96061 1.89946 4.22682 0.118904 8.42285 2.83661 4.98693 5.37897 4.33891 4.02029 9.05926 8.93309 8.475 9.26929 8.94627 0.0307449 6.7293 9.33965 1.57735 0.521132 8.67031 1.97241 0.327192 9.10757 1.00045 4.6186 4.85448 9.26771 2.34687 3.86556 8.47681 9.72279 0.89523 6.12415 8.60363 1.24784 2.42564 7.70907 6.32471 9.38902 1.2423 9.38138 2.82246 7.11547 9.77664 5.97429 9.95717 0.0799189 3.1971 3.69807 3.39933 2.4988 7.37561 1.82192 1.08773 1.5434 9.96833 7.65404 |
| 1.47326 1.1188 3.59213 2.91183 9.05678 7.31606 1.02503 7.7443 8.52377 8.93512 2.49763 7.71115 1.29081 4.71124 1.80843 4.33528 2.99207 7.64101 2.41984 0.235788 2.88841 5.5719 6.93377 5.80605 2.20511 1.35417 9.52634 9.26669 5.32546 4.96088 7.57367 0.72387 6.08593 6.16899 2.20872 1.95242 4.25851 2.82355 5.32642 1.10974 1.33035 9.18963 0.181636 2.75899 0.404197 3.34307 6.92665 6.23438 1.30097 5.46141 9.87831 4.77515 5.92878 4.96213 8.48612 6.27068 1.2871 2.254 2.90545 1.84624 9.82527 3.29025 9.28763 7.26233 8.05651 5.70662 1.13472 1.16693 2.56612 8.74467 1.63838 6.17285 7.09057 1.26217 3.27636 5.80121 0.967323 7.79787 8.72591 6.31083 6.07345 6.41721 3.98692 8.17413 2.60038 4.56219 6.80935 4.81619 5.65621 3.97055 3.02004 7.80591 4.01213 1.93978 1.89264 9.66513 1.81447 5.72104 3.48403 6.11474 |
| 0.515826 9.48078 3.3926 9.4073 8.44467 9.57989 9.16243 2.99676 6.58833 0.127065 5.58263 7.29667 5.16421 4.88197 1.31542 8.20682 1.95359 3.91021 8.94806 0.066237 3.24499 8.5528 6.94814 7.33117 4.90846 6.5074 9.81706 5.30315 9.96799 2.04645 4.64806 9.90544 0.772606 5.18622 4.79978 9.84854 4.4554 1.86952 1.06382 9.69659 0.667046 1.04066 0.373621 9.44973 1.61991 5.80159 7.24164 0.327242 9.95666 1.53509 0.240008 3.80729 9.18529 7.229 7.73597 8.50994 6.58986 5.72751 2.26454 0.0858379 2.67824 3.15391 7.76186 3.49868 2.3857 6.41852 6.14533 4.53681 0.168843 7.7482 4.05028 3.01248 0.72587 9.70018 0.969065 7.06755 4.26903 9.5432 2.52882 1.95306 5.06869 9.39342 5.1777 1.60446 6.07703 6.56575 0.557782 4.64917 8.56476 7.90559 9.17118 0.0983034 2.18529 8.18907 3.76172 3.16719 1.01553 8.08183 1.35373 2.11125 |
| 3.78932 7.06294 6.89339 7.25459 7.84278 3.66429 5.79299 2.82901 7.16816 5.21519 1.78183 7.20924 5.76362 9.10423 4.74146 9.69769 9.11247 3.24589 3.66513 9.84015 3.42806 5.3807 3.40448 9.0579 6.10482 3.79303 9.4413 9.89547 3.24197 7.81625 7.7213 1.8166 1.59273 9.04372 7.77271 5.87649 6.14742 9.68558 5.58304 4.14255 3.89825 7.9694 1.75881 0.364725 9.93305 4.77691 5.4932 4.21835 7.81493 5.49002 0.837112 9.33872 5.82498 0.468803 9.17017 3.09239 3.72543 3.38448 2.89006 3.23702 4.59956 4.83526 6.21045 8.95101 9.59573 5.39877 7.05853 2.65402 6.10382 6.87751 0.242895 2.33235 9.77934 1.34767 0.283925 1.93534 7.33693 1.75696 9.28206 3.66131 5.57165 2.73476 3.15195 4.83765 6.38539 9.24813 3.28405 4.94797 0.46299 1.46601 9.29134 9.55131 8.89705 2.68122 3.32368 1.02208 8.07582 0.258873 0.87887 1.16541 |
| 6.99236 0.60662 5.46336 2.65577 5.55492 1.46656 8.40663 0.297784 4.85976 7.90337 1.99742 0.596803 0.469876 7.20596 0.609784 8.63438 8.02699 9.661 2.49232 8.44718 1.78664 7.98473 9.38277 6.29828 5.23403 8.38899 3.73701 7.90716 5.67604 7.28701 2.72549 7.31235 8.61561 2.5372 2.78325 8.12063 3.3547 2.41957 5.75997 7.74275 2.44419 9.50982 1.55064 1.63605 7.0086 3.58341 6.44516 3.8052 3.95779 8.54465 9.95208 4.64164 1.99452 1.96515 8.33116 1.7428 1.24704 8.9192 5.0558 2.88388 9.33735 2.85467 8.37598 5.10558 9.54169 7.2113 0.362195 7.41192 2.08166 6.4414 0.532602 1.44803 7.09315 4.61454 6.60009 7.69429 7.88358 9.37305 2.77796 9.14209 1.03365 2.61916 0.304619 9.72691 0.127683 5.97495 1.06404 3.24734 8.04615 1.61929 5.35197 0.617672 1.21315 9.47352 1.37504 0.313606 0.776616 2.59263 4.25385 4.47517 |
| 4.20612 2.2382 7.41669 2.274 9.17996 7.5741 7.91928 9.29759 4.59011 5.96701 7.49515 0.955239 4.7028 9.96981 2.63933 9.28502 3.32964 1.20579 5.6789 5.31117 4.90109 2.6904 7.55512 8.85941 0.142399 3.29464 3.03035 1.02507 8.30804 3.19065 5.18647 9.06664 2.93526 2.92101 3.33495 0.433989 4.05539 8.92136 1.29565 5.98112 4.66967 3.11754 6.41347 1.23869 8.69618 6.70547 8.78349 4.17271 0.781434 3.56393 8.94847 6.91439 0.124994 0.765776 0.400071 3.99157 6.38609 1.01703 3.23297 6.45122 5.59887 0.199272 9.16778 2.89294 1.71504 4.6515 7.76595 2.2711 0.445314 4.39809 8.69008 4.09911 3.65809 1.49293 1.61087 3.94059 9.56958 6.00065 2.87285 3.92448 8.7387 1.36498 1.14671 2.80128 1.10943 6.23883 5.96618 3.58323 3.32917 3.35023 7.25481 1.58113 4.00418 8.23119 1.65102 8.76678 3.26014 3.11321 3.7299 8.48483 |
| 4.5129 8.34379 4.12197 8.01969 6.9602 0.149725 6.4345 4.64286 2.49632 5.72422 6.92107 2.45538 7.64682 0.024525 2.19155 3.31889 0.616152 5.67101 2.74813 7.84553 9.74306 1.6206 7.39212 9.44437 1.5852 2.45603 8.50301 0.036592 5.00212 0.676387 8.03418 0.527146 9.74662 1.46023 2.16649 2.17734 4.62887 7.47656 8.54575 8.46771 6.74083 3.06577 6.44726 9.06143 5.38582 9.40008 7.06637 4.49273 9.33709 8.55228 8.1077 6.19181 5.80467 9.07788 1.92869 5.57504 9.78085 6.82821 1.80692 8.85097 8.33094 8.03482 1.27377 8.22965 5.7963 8.42214 0.854052 4.0564 5.85042 8.05443 0.741453 1.59703 1.27344 2.65024 2.50713 7.38794 9.175 4.29285 9.84649 9.94753 8.0848 1.18931 8.70792 4.01919 0.575486 2.1927 2.71741 1.49322 6.57866 7.55162 0.0478474 4.17189 6.87679 8.268 0.308844 0.744008 4.54032 9.11698 9.05312 5.781 |
| 1.21962 8.23039 8.10201 0.547946 9.32635 8.00482 7.0885 6.34146 0.873311 7.74595 6.18419 7.67824 8.16365 6.5264 9.22731 3.40511 9.71374 8.74952 3.10736 5.35542 8.47223 2.74293 0.472565 2.39925 4.25204 4.01134 8.62728 8.74577 0.124181 7.11307 9.30554 8.28727 4.16346 5.20973 9.88038 9.47046 0.0435285 1.58411 4.14546 2.69387 5.82478 7.15347 8.44774 1.12185 4.94305 7.85504 9.58914 4.66715 0.716849 8.08478 0.952796 3.63596 9.62636 0.168499 1.96679 5.7708 9.80492 1.28692 9.21423 3.62853 4.7391 0.11403 6.49524 5.53966 5.1334 7.00047 6.98259 6.41393 8.96003 1.24721 1.80424 3.83065 1.6738 1.53548 6.84139 3.30084 7.16246 9.44227 6.24539 6.20443 7.78274 4.53889 5.19693 4.84971 9.01056 0.475422 0.411994 4.38247 6.20562 7.9376 7.22781 7.80292 3.60194 7.83871 5.12001 2.0599 0.744587 4.27476 5.81787 0.952866 |
| 4.81508 7.10952 9.66634 2.19566 2.48279 8.19593 9.0288 6.97248 6.42504 5.57081 8.53702 1.76586 8.77871 3.76757 1.53041 1.61372 1.78014 8.76877 6.64915 2.25574 2.26756 0.850643 6.75649 6.40369 6.80456 4.25209 4.87271 5.67625 0.667529 9.1577 3.47522 7.95359 6.01773 0.0141948 8.57215 2.1805 7.70911 7.00944 7.6301 9.15194 6.68142 4.62806 3.85469 5.71011 9.84837 1.59971 6.36138 5.79386 7.43646 4.55746 7.21275 4.73406 5.29184 9.94735 5.05771 5.00361 5.6814 7.32117 6.8634 3.15861 6.80075 0.198031 8.31481 7.03333 9.11432 4.3075 6.10022 6.46709 2.41764 3.30323 7.38154 1.61252 1.54772 2.54037 5.99442 8.2807 3.71609 6.32052 8.89644 2.49223 6.90805 3.56522 0.642069 1.24783 2.29337 4.72045 6.59476 8.20179 7.47599 8.97113 7.76845 4.30176 9.66738 9.66435 8.77206 1.94323 9.88275 9.4294 9.8977 0.565535 |
| 4.95102 1.72258 1.36324 1.90959 4.45536 1.1952 7.768 6.74203 3.37168 7.81548 4.85013 6.0856 0.635903 7.62326 4.10173 7.78825 7.04204 5.56087 1.50696 7.55282 0.216636 0.998064 4.46025 3.41747 7.46267 5.13595 9.92764 3.85829 6.26985 7.41462 7.57838 9.8037 0.727906 3.91394 1.56371 1.29406 9.18574 4.79827 4.50778 2.1973 0.0649468 1.56117 8.64159 9.28641 6.68916 4.67281 5.99616 7.53293 5.92994 4.55302 2.56203 9.95714 9.71083 9.87501 9.35107 3.45911 7.19589 1.26038 3.19782 5.82769 5.9249 9.85135 1.69607 5.79716 2.79307 3.1714 1.66112 8.39566 5.91111 7.97857 5.86221 6.24384 0.296561 4.29652 1.57267 1.90572 9.48068 1.84728 7.27103 4.1738 9.11134 4.27141 9.50542 7.62886 8.28872 8.5073 2.18437 2.67901 6.11931 7.20783 1.94359 5.95375 4.60704 0.502175 0.0593696 7.82475 0.553004 4.34248 4.05911 1.47033 |
| 1.82151 4.16453 3.21601 1.50031 5.74734 5.57505 9.82257 7.92463 9.18328 3.45618 7.98031 5.08729 2.02157 6.57859 6.44614 0.335272 4.92013 2.54566 4.89572 2.32378 5.69197 4.89906 8.49965 3.68157 6.11255 3.65707 4.37525 4.7914 9.092 9.17404 8.15432 9.71969 8.88079 9.40726 7.85206 9.53857 4.72744 4.00877 5.45312 0.537476 3.36429 3.66031 8.84036 9.93589 2.53811 7.99912 1.25758 6.11 0.833056 1.1676 3.81363 5.64614 4.71506 6.03694 2.87048 4.07762 2.50566 2.65176 8.21104 2.99941 1.06653 5.16162 1.30131 1.03441 5.30649 6.21298 1.51472 7.85654 4.94352 5.80099 7.27469 5.63866 9.02279 6.00558 5.83549 7.09391 7.3961 6.22342 6.97018 7.76003 2.85915 3.78352 9.58661 2.15736 8.75139 4.6607 2.30974 9.78156 8.7203 2.16062 3.582 2.61989 2.5244 7.5678 2.05355 3.94493 2.51784 7.36251 1.62812 3.83362 |
| 1.58819 2.71768 6.01686 5.42021 7.42785 9.8241 3.63511 5.28649 0.0561739 4.11519 4.06658 7.03417 3.31777 1.71617 3.75105 3.89951 9.05544 4.81376 4.89194 8.87798 2.25096 1.90178 3.23469 5.50106 6.24552 8.47814 2.14095 2.9971 2.23326 4.38752 1.03337 7.87732 4.18954 3.5743 3.18575 2.96115 8.07222 9.85527 7.49149 9.51292 3.62018 4.37896 7.22165 4.18961 4.82471 8.97817 6.02348 6.6038 0.0767895 0.600692 5.83125 5.83599 5.56572 3.10563 6.31653 1.97848 2.31151 9.60958 8.16923 0.276679 0.137786 5.77046 4.15452 4.95001 4.83977 1.99279 2.77671 8.15028 1.69367 5.58003 3.50727 6.77039 9.98771 3.37579 6.9091 1.22057 4.10759 6.18206 1.95298 3.67598 2.24402 5.21062 4.81348 0.147128 2.77854 8.96833 0.672801 7.76934 9.30475 4.9765 9.95489 1.90195 6.08201 0.26376 3.01779 9.98264 8.1896 2.53868 7.53508 2.16016 |
| 5.85878 8.4998 6.08035 2.44462 6.68832 0.640682 7.94967 0.0826054 8.34891 0.190044 4.06808 2.25339 2.79401 8.9701 0.417152 1.07931 9.99991 8.56237 7.8237 2.85837 0.557267 5.98616 9.38706 8.37445 9.34016 0.0432119 6.26194 4.50339 8.40661 9.97557 9.44902 9.63226 9.37149 6.56964 5.92017 0.379113 1.74939 2.00135 6.72047 0.880474 8.12028 7.60388 8.45285 6.96922 1.62582 5.07814 8.29971 3.16665 1.84209 0.00959383 1.24348 9.11862 6.655 0.621465 4.95784 6.34265 0.939574 1.4271 5.33793 4.51098 6.06667 2.553 8.33016 5.01863 8.14755 5.90621 5.5889 2.57425 5.45209 3.21428 2.3625 6.61595 4.29236 1.62191 9.51672 7.56381 4.93867 4.27347 4.18946 2.3292 6.83904 3.71044 1.42274 1.91547 3.27454 5.18492 3.03237 5.11376 6.92883 2.84411 0.874082 0.701252 5.94641 1.39228 0.0730318 7.44518 1.12681 8.24012 1.63416 5.26195 |
| 7.64572 1.68437 9.16957 2.91897 9.07001 9.58221 8.17007 4.43278 1.74285 2.00909 6.75364 8.34603 1.64722 4.88326 2.91064 9.11026 6.16306 2.63273 8.25858 1.95948 2.98406 3.17741 2.7278 6.09201 8.35586 6.90868 4.18693 9.782 6.12295 8.49292 0.432048 1.43367 5.74358 2.30378 9.67424 4.92603 1.81627 5.98506 0.903136 9.0033 8.47046 3.09414 3.23899 7.64508 0.78427 1.23051 1.16253 8.68527 3.33997 4.95291 3.51399 9.69707 8.73282 2.56974 9.66262 9.68919 6.20711 2.94942 0.952669 1.5158 6.03955 6.68672 3.64605 9.12618 3.76134 6.90038 4.76243 2.23219 6.43359 9.40124 6.60005 7.0274 9.54865 4.24354 1.20022 2.04579 3.52139 3.94742 4.24209 6.88017 4.94602 7.76293 1.59497 6.6902 2.15661 6.15336 9.5985 1.97865 5.25071 8.62591 5.74798 6.33372 0.873796 5.89289 1.76014 2.59443 4.60498 5.90986 6.98191 4.96881 |
| 0.729407 9.13614 1.02432 5.678 0.138896 4.42962 8.65674 3.82287 0.965293 3.67419 2.1312 9.10158 0.219748 3.31304 2.2282 9.41342 1.33701 1.09607 1.66069 1.24314 3.52652 0.274618 5.50665 0.265574 3.49618 0.221759 7.10793 2.92043 3.64308 9.29866 2.6486 4.94399 3.65953 5.68314 6.49873 4.20675 2.91634 4.94407 5.0635 2.24695 4.53748 1.45392 6.03106 4.03251 4.3972 3.78851 3.51972 6.01252 2.46874 2.1355 1.27064 5.67942 4.00244 8.93021 9.95675 3.11312 2.20423 6.50841 6.81139 9.08708 6.47671 4.11591 6.08272 2.26182 4.39315 5.60972 2.60134 0.696646 8.5365 2.96816 5.83568 0.268836 8.33061 2.63447 7.56919 5.44523 8.03227 8.37298 4.6363 2.33032 5.61849 9.94847 3.9494 7.49352 3.58838 9.94211 7.05943 7.79053 5.4476 7.79484 7.94404 5.48019 5.60406 7.51721 1.80094 8.35609 0.785394 0.114912 1.3223 3.8793 |
| 9.4163 9.6754 4.51387 4.59243 4.98545 0.453314 8.8451 9.52201 6.3596 5.85236 0.689603 0.164231 0.23005 6.45854 8.75352 0.418203 8.7331 7.15787 2.37554 5.75327 5.26045 2.41468 3.58606 0.951609 3.69117 7.41167 8.00936 3.38409 6.4153 2.02489 2.31651 3.58112 7.87493 4.01616 9.58473 0.618501 5.14198 1.22121 4.83511 3.71289 2.61206 0.825309 0.968666 0.377723 8.39848 3.22589 7.56906 3.17386 3.1354 6.59637 5.19502 2.62267 9.28343 6.65995 3.83127 2.09062 7.01612 9.96918 2.03993 5.02778 1.92968 2.15912 8.35393 4.50595 1.43646 2.62705 2.84676 5.57658 5.60881 7.31362 0.0427991 9.32434 4.14646 9.62481 4.15263 3.25909 5.45113 7.14189 3.73002 0.414185 1.20844 0.16782 0.552496 5.79906 4.77882 7.58851 0.164502 4.79282 2.98903 6.65636 3.44511 2.03251 0.363503 9.3868 3.88321 5.06505 8.37302 5.29724 0.696525 6.48795 |
| 2.95211 6.1426 8.59681 6.50622 0.0674505 3.6409 2.60559 2.19804 2.50747 2.96752 5.09493 0.439144 0.69854 0.366423 8.46791 0.2371 4.94187 8.01284 1.83486 8.49378 5.03738 3.30777 3.7277 1.42047 3.90968 9.99078 5.06771 2.95374 3.47682 4.84492 8.54241 2.3452 5.83894 5.08058 9.28374 1.84031 0.00861602 4.80943 2.12494 3.9313 3.31495 4.3297 9.27442 5.24311 0.928682 8.36606 8.3273 6.8993 6.47244 2.36743 9.46378 7.80244 5.54923 5.97773 7.6919 7.76616 5.87867 2.78876 0.671355 3.46839 3.15719 2.89503 6.70877 4.30211 5.61886 6.25997 1.28327 7.84955 7.40077 4.75305 4.50565 6.45083 9.10987 9.58837 1.68304 6.89556 3.74316 1.21093 2.13375 1.95705 2.20931 1.82421 9.44759 5.5967 3.67032 7.06465 5.50002 8.9163 6.19226 3.2805 5.28849 3.68851 2.76756 4.3737 8.83259 9.29477 7.21717 9.05075 6.03595 6.29321 |
| 9.94242 2.20456 2.04783 7.94246 8.97807 4.45359 1.43888 3.20521 9.97073 8.0511 4.81281 8.88616 9.63207 6.25049 1.93048 5.62979 9.8795 4.83045 5.45703 6.26841 3.20868 8.29956 0.770839 5.49438 4.10836 9.26509 8.4119 8.86888 9.32355 0.890708 0.126897 2.75027 3.77114 1.59811 9.39923 2.8522 6.87728 6.50698 2.76918 1.57879 4.7072 3.84315 1.76775 0.589378 5.68437 7.14274 8.00743 0.854961 9.32956 1.84398 1.84069 6.4739 6.86084 0.125556 0.218778 7.0021 4.32393 2.36143 8.59707 0.89658 8.82047 5.55849 1.5701 8.63521 2.04222 3.58588 7.83515 5.34393 5.37238 3.52683 5.47015 6.86731 8.85871 8.38625 7.75232 3.16377 3.4889 7.98538 0.217679 8.52757 2.79813 8.21813 2.02815 7.19431 4.71318 4.38969 7.46269 5.50442 2.72671 7.75686 9.51806 0.0961609 6.17687 4.66423 1.67878 5.18873 6.90525 6.57186 3.30854 6.64676 |
| 2.16274 9.17108 8.35005 9.27418 1.0722 0.495247 3.6217 9.91249 9.25546 6.55327 0.880115 2.09022 0.368874 9.6642 6.21557 5.12473 1.40426 1.36381 1.47959 7.54732 7.82713 0.562813 9.19227 4.47513 3.50175 3.83727 2.93769 3.76213 0.128592 1.24733 3.90382 1.47307 7.91358 3.60637 2.30817 3.48175 7.82165 8.47987 1.09218 6.26762 9.88507 8.36903 8.27033 9.5098 1.16339 3.14629 9.65726 9.57489 5.12225 9.70466 6.19018 8.31846 8.36592 6.03715 6.31173 1.24306 2.16583 1.11477 5.96533 9.35364 6.58428 1.97762 7.93095 5.50075 1.16996 3.59178 6.9774 9.21354 2.02445 4.976 1.65886 0.531141 6.88443 6.53742 4.41846 1.05554 0.425962 9.15015 6.55193 8.34354 9.82162 1.95124 4.50382 5.66174 6.82056 3.13875 2.89105 9.92824 3.92496 6.74985 4.7603 6.31056 1.66282 6.98132 5.05154 1.30578 6.29606 7.92315 4.34544 3.81635 |
| 1.37374 8.44211 6.58925 5.51527 5.18168 8.48117 3.0536 1.82417 8.86757 7.33122 5.75989 6.50337 2.12006 1.851 9.71575 2.61633 2.63186 3.59799 1.4286 0.426369 5.99079 7.15566 5.1754 2.96943 7.1551 5.78063 5.00854 8.52634 2.16227 1.21675 9.91907 9.80496 2.01062 2.5135 4.45268 6.1168 5.10047 3.6512 5.75533 9.75377 1.53912 8.03468 8.85104 9.39196 0.612762 8.6873 7.42804 3.05068 2.71903 8.69267 7.74606 8.06416 4.37033 2.1181 8.87459 5.24541 9.59126 0.300996 8.84315 6.897 7.93595 9.50626 1.74967 6.65835 6.96592 6.27139 3.29478 5.42083 7.92708 0.397649 3.28694 3.61147 7.96051 2.24284 5.36013 7.62914 3.03213 0.929937 9.45804 1.35097 5.68656 3.99148 4.74459 2.28135 2.57269 9.17255 2.99849 5.69953 2.02998 7.80723 6.08688 2.16351 2.04021 9.88123 3.77362 3.24363 5.64674 4.78055 6.78627 6.87535 |
| 4.01228 4.4497 6.0613 2.29196 0.911773 4.17408 3.69509 3.32316 2.43053 9.83813 9.40433 8.52355 5.27519 0.166385 6.43828 8.14312 1.44034 7.73454 4.39095 8.69587 1.46978 2.63398 9.32427 3.01618 2.93744 9.632 5.00703 3.2067 5.0562 9.54654 8.77177 7.2215 1.81979 5.18246 1.6866 6.76353 4.68431 9.23517 5.4909 5.59498 4.88431 0.556832 8.67657 7.03907 5.67168 3.87645 1.42649 4.95069 6.24318 9.127 7.51141 4.325 0.196945 0.062466 9.86533 6.60611 8.81583 7.65982 8.61111 6.84549 2.16514 9.47571 8.22832 3.34268 0.454088 1.85283 0.587412 2.6293 0.717627 1.14887 9.09028 0.263984 6.77257 6.55188 7.39897 4.52597 7.94491 0.0193957 5.98385 0.636361 5.32401 0.708374 5.64502 5.83935 1.88412 6.39835 7.10294 9.1548 4.69659 5.53521 0.286619 7.20197 3.48826 7.15579 7.43409 4.77508 4.85109 2.2087 1.63326 0.147512 |
| 9.23851 1.57404 4.86179 2.17473 0.710185 6.07848 1.05156 3.6279 4.12835 5.127 9.46757 1.45031 5.29593 8.70443 5.30327 1.99674 9.27189 2.65968 1.19264 4.69589 3.7865 9.70519 5.16045 1.66972 2.96201 2.47235 2.80856 3.50407 2.82315 8.69866 8.33385 6.96325 1.32541 6.24663 7.17205 0.670956 6.75759 4.76537 1.55546 2.56665 7.70672 6.87496 7.38335 1.94314 8.3534 5.63022 7.06169 5.74326 6.90515 4.90798 8.37478 4.95527 3.14469 2.85641 7.62704 7.58877 4.4334 2.07937 7.91202 7.37082 1.33476 3.32069 0.849417 6.14661 6.10777 3.30515 9.58118 0.957384 0.744562 3.84564 3.60095 1.11305 7.02835 5.48189 4.13415 2.73935 0.330361 2.374 9.81731 9.55357 6.82535 3.74088 2.9482 0.464409 5.31711 4.64684 9.43886 8.93359 6.82025 8.01279 0.901331 8.66641 6.43455 5.52004 5.25162 3.96873 2.42786 5.00735 8.59242 2.78511 |
| 9.34901 8.86006 0.995929 8.58386 8.93511 2.44152 4.58521 3.60065 6.18979 1.86734 4.39791 5.68217 0.180988 1.86461 8.48772 3.17852 1.35651 8.91223 7.92401 8.88519 3.40378 7.38526 4.0707 6.23524 5.70204 4.19924 6.56352 3.1234 4.93932 5.19211 3.87308 4.87025 4.22459 2.61103 3.57317 4.33 4.22969 8.39367 2.43843 2.69708 9.90367 0.90812 2.7712 5.56292 5.98314 8.6095 9.8896 4.4537 3.40079 7.09794 5.1129 2.46617 8.90388 7.57499 2.77647 4.05771 7.9535 4.44494 6.18029 2.1266 1.84999 2.80508 4.97135 3.54403 4.49844 5.2757 8.74369 5.27719 3.79598 9.05242 3.98838 2.71121 7.24301 3.25623 7.52996 6.00358 2.11801 7.31041 6.10307 4.31157 4.48563 9.98309 5.71402 5.59895 1.60395 7.57 8.93617 0.240716 5.71527 6.56071 5.83882 3.0847 4.51701 7.37104 5.05197 8.50855 3.15325 6.61327 9.23485 0.160284 |
| 3.8921 4.54331 9.36548 5.58349 1.74767 3.11313 2.32914 5.85151 6.27234 9.14318 9.44182 8.70452 6.91479 6.9427 5.96378 3.30834 3.2945 0.581945 0.743425 4.73904 9.08338 4.28392 9.87478 5.49752 6.88298 2.24734 1.10842 9.26547 4.70352 2.09677 0.442062 9.73176 1.70905 4.04016 2.93812 0.943998 5.77988 2.47124 4.19738 5.32848 5.81092 4.09844 2.51561 9.82857 8.75761 9.16127 3.52601 1.61748 4.9823 7.43843 7.65275 9.7421 5.40397 4.5182 7.43652 5.57935 2.10175 4.12098 1.23956 3.36554 4.55867 7.61915 5.04748 3.05288 9.71482 7.02487 6.99645 9.34327 2.39528 7.51901 2.06856 6.28258 1.2524 9.04861 0.00859445 4.44691 9.2946 4.29277 8.64084 6.55126 7.08491 6.13649 5.915 3.35654 3.35236 3.08307 7.10609 2.0526 8.08362 1.4595 9.83628 8.33826 1.11191 7.95322 9.74623 4.83842 9.35932 2.07029 5.33875 8.44466 |
| 9.36779 4.48837 6.09253 7.16976 2.13493 1.78868 2.38757 7.93038 5.94937 1.13794 5.30052 5.7699 4.74933 2.04387 1.25593 8.36975 0.404494 8.32729 6.76703 3.48382 2.63749 8.27655 4.03612 5.13899 0.923715 4.87819 7.6569 9.56873 1.60365 2.53467 0.154036 8.88852 9.39339 4.7755 1.87752 5.51952 6.53547 1.64945 2.33658 0.941932 1.04779 0.128889 6.23038 4.01353 5.38171 0.45258 6.50643 3.62211 6.7889 0.986881 6.50146 0.0590254 2.04036 2.28917 4.0049 0.333107 8.53283 1.27649 3.95913 1.09242 0.319722 3.57488 3.0246 4.37614 9.74697 7.28211 0.496333 1.86442 5.28901 2.36913 7.90528 4.01682 0.62641 8.07615 5.79869 8.58683 8.83667 7.90174 4.56795 3.53381 2.71691 3.1561 4.63446 1.4261 8.40831 8.54456 8.41397 3.52013 2.88055 3.45473 3.58599 9.69391 5.56861 1.6364 2.93316 7.68904 9.67406 1.95506 8.75651 0.648702 |
| 2.72656 5.23231 9.37374 4.48738 9.40382 9.93646 2.01404 0.00687294 5.51353 5.93023 9.4211 0.381628 4.0236 4.67939 6.42436 4.15456 5.68084 7.83843 0.417774 1.52603 7.95491 8.10249 8.60629 5.89454 9.46877 1.61033 4.79979 0.00992233 6.76459 2.45127 8.42954 5.35703 5.60547 1.10065 8.56408 6.54162 4.98742 3.61442 7.60724 4.83268 2.83358 3.914 2.65799 2.90759 7.92189 3.25971 6.02291 7.07074 7.84319 0.425886 7.86506 8.04712 7.94963 9.46996 1.57086 1.40542 0.935755 7.23405 2.66891 6.31754 8.88712 5.75666 2.24002 8.01975 7.91009 4.89107 4.25245 1.00937 4.45593 0.800662 6.72614 6.26607 3.85159 3.70131 7.83869 4.88397 4.88021 1.68807 1.38678 7.55799 7.14381 5.94946 2.54966 2.08674 1.85792 6.06013 2.59815 7.11396 4.27762 4.02212 9.81298 6.6716 9.58856 4.96268 7.80569 0.153421 8.54871 8.24459 6.80408 6.25573 |
| 0.0838107 8.60645 8.65474 0.215892 8.49536 1.52831 6.35921 9.29042 4.14651 0.43789 9.61344 3.09601 4.61334 6.33018 1.39989 7.87936 8.46387 2.27142 5.79746 7.82989 6.94571 6.57832 1.86107 8.92209 3.54212 2.36587 3.20968 5.08447 4.60356 2.00468 2.70029 3.84848 1.42045 3.57549 3.32723 0.720449 8.59311 4.31578 5.28766 9.7373 4.82179 9.88241 3.69392 3.74503 2.76122 7.78834 8.58031 9.31313 5.73304 5.23625 5.61715 7.42614 1.07957 4.27757 3.17124 9.02465 7.26097 5.14622 2.50863 2.56295 5.46275 2.3767 5.13935 6.99244 1.90987 9.13584 6.05402 9.97488 7.86693 9.49034 4.16728 9.41241 4.34087 7.05845 1.36275 3.68415 9.5554 7.55763 1.06585 3.70319 9.45644 4.39429 4.82135 2.35603 7.7492 0.774837 2.68885 1.51913 2.0996 7.91705 1.90077 6.26165 9.49991 4.98328 3.93704 9.83318 6.20971 6.57407 0.476047 0.918034 |
| 9.3939 3.23409 5.28819 8.63964 6.42505 5.8243 9.04598 5.82224 4.45648 0.0983887 3.61846 5.38884 0.208317 1.17935 1.35205 3.88803 6.16385 5.8182 6.54715 8.02605 3.79382 2.78064 4.21696 4.50917 5.6876 1.52841 8.04337 4.90705 2.8558 7.35978 5.79526 0.923314 8.1443 1.22861 9.19346 4.44364 4.27593 5.48053 1.23029 7.40235 1.35496 2.76293 6.49702 5.49478 0.756003 6.14696 2.01652 1.70444 6.48733 2.63398 9.35346 3.65213 1.3453 0.396991 2.22883 9.92447 0.532618 1.71194 2.54737 3.62601 2.28254 2.60553 1.18735 5.7175 4.09621 5.01689 8.8781 4.30922 5.02468 9.87838 5.89925 8.70129 2.55455 4.40457 7.62899 0.39503 9.27222 8.24473 9.18901 9.76591 5.69364 3.06115 8.815 3.64874 4.40126 1.97348 8.35296 8.2566 8.73459 2.18895 9.68336 8.25525 5.97738 1.8701 0.751696 3.74765 6.71513 1.10646 6.29845 8.07853 |
| 5.79809 8.49136 4.29761 9.92848 8.00328 1.09125 0.693693 8.89431 6.67023 6.61332 0.00105371 7.70974 7.65314 6.39122 7.27802 1.68783 7.4156 3.96891 5.44727 2.28602 1.12572 0.00600638 0.949207 3.31414 0.808865 4.59163 1.48848 6.96077 9.6867 4.437 2.62032 9.78758 9.89671 4.01676 9.61336 1.82485 0.245785 0.913753 7.44546 5.82466 5.11283 1.28486 4.59014 6.50765 4.12555 8.1709 8.25391 3.53057 8.33993 9.12711 9.30428 7.0015 4.26415 7.63469 6.18408 5.77651 5.79651 1.98916 1.83175 6.29409 4.82105 7.37822 5.76981 3.12176 7.44544 5.57312 7.48832 6.1298 3.5749 3.36864 6.7773 6.15693 9.54191 0.944089 7.31025 3.37034 5.26208 9.77528 3.11652 9.37774 1.61986 5.03531 8.37681 9.01015 3.52224 8.29487 1.94607 7.66892 1.54086 7.3179 1.95453 9.82153 0.532868 5.91047 7.3092 5.65715 9.73231 0.917715 4.03244 3.27232 |
| 7.86222 0.366766 4.22906 7.83371 1.13164 9.54795 2.45366 8.73002 5.52027 9.20315 7.39796 7.55503 7.45896 2.77059 5.27829 2.17574 7.6556 7.75124 5.02702 9.13404 5.76777 8.98846 9.05926 8.96933 7.49496 7.72193 2.49639 6.74305 0.510332 7.15623 4.72099 5.66349 6.29842 7.58703 5.22499 6.47713 1.06933 2.14597 7.36638 6.68935 7.98947 9.08002 7.95637 2.68285 0.652888 3.08601 6.5246 9.00054 2.10588 3.50651 3.9695 5.46604 7.75475 4.16682 1.79939 2.27283 9.53734 4.03342 9.68163 9.19649 5.37765 2.20116 4.91737 6.28884 6.58343 7.73958 9.12525 8.0744 6.50396 2.12279 7.66727 3.76594 4.17694 1.78265 0.954853 8.21169 3.8437 1.14116 9.4521 1.5106 8.64624 7.34466 1.70365 3.25506 7.74944 4.76707 0.114583 5.79399 9.53189 2.48486 2.98172 3.72038 8.39198 4.07989 0.78326 4.2429 0.501101 1.99713 5.70963 1.69807 |
| 9.46252 6.5349 2.13298 8.96309 2.65041 5.41987 1.80656 2.80777 0.112443 9.82924 9.9879 6.67961 4.27099 2.45128 8.67428 8.54367 3.38389 3.09027 8.1956 3.39538 6.07257 1.71412 9.20585 2.67953 4.94354 6.06396 6.94437 3.97749 9.66722 6.98476 2.86415 7.79302 7.25059 0.582653 2.65148 3.42984 5.24925 4.21915 1.20952 8.4683 6.67789 5.28 0.968796 2.54743 4.61949 9.68936 9.14513 2.23509 5.19062 8.77532 6.86047 3.96526 4.19497 4.9409 1.63209 0.613521 1.44232 1.13827 0.824524 7.77153 6.09784 6.47998 9.02744 4.14265 5.43551 4.62175 7.7562 8.42364 6.07382 2.74029 5.99672 6.82604 5.21496 7.86864 8.31517 3.10252 4.03827 1.12275 0.104528 6.80436 0.887455 5.46221 3.39218 2.38931 7.19466 0.731422 3.00264 5.2873 3.69636 4.74926 0.802369 5.41659 6.69749 4.73407 5.46042 3.2713 0.796354 4.32745 1.4877 3.70204 |
| 0.204433 5.90461 8.84533 3.48301 8.94956 5.26198 8.10787 8.99076 7.66384 6.20926 8.97537 9.12216 6.15466 1.39431 4.19561 5.62459 2.55131 9.8828 0.150911 6.36638 9.82019 7.90668 7.53419 7.21062 8.95276 8.99361 5.53086 7.10607 1.79856 8.36702 4.51074 2.053 4.71373 3.69673 0.884976 3.79752 4.87709 9.22792 3.59285 5.08332 5.30952 7.15708 9.1237 2.02426 1.66075 2.25181 6.11666 2.68854 6.33565 3.30713 2.95611 3.3319 9.19264 0.641213 6.86351 5.04641 5.03063 9.7578 9.31313 5.81866 4.25965 1.93937 5.05858 9.55314 9.69107 7.83934 5.80465 8.76365 0.686501 8.02136 4.97806 6.22363 0.595586 0.00963364 1.91255 4.28413 3.354 0.621243 1.22896 5.16349 2.78381 7.57175 8.38766 1.40666 1.65928 7.45865 7.5576 0.588361 8.58273 9.97573 2.14974 0.692191 3.65607 7.55716 3.23846 8.81513 5.90555 4.63785 8.32419 4.705 |
| 7.01718 7.80556 7.97448 7.11312 0.166836 4.02086 8.52916 9.65675 0.914853 5.92892 7.30354 0.646202 0.714919 5.64707 0.228412 8.92522 6.18408 5.78261 8.39599 1.36131 9.57886 1.85254 5.60921 4.07302 5.28428 2.97296 6.5059 4.70474 2.63309 4.28277 0.541148 5.06872 9.94346 9.65345 5.5465 0.00829697 9.4472 9.0094 0.944795 9.17706 8.85699 9.38791 2.62431 6.76792 8.4336 3.48964 0.450904 8.34512 6.46055 2.38226 8.56319 1.46177 7.97723 3.27962 0.533047 8.91963 2.27336 8.34748 6.12153 4.59283 1.64999 1.45681 4.55721 3.04185 4.30062 0.547482 1.53254 7.41388 5.08444 4.19408 9.94761 9.42984 7.27358 7.03859 7.63087 1.95291 2.51846 7.80515 1.18346 0.458968 3.87271 8.71488 1.06959 6.58118 9.83092 8.22544 5.01923 8.27347 2.12726 2.86686 3.28794 0.359195 6.98873 9.62786 5.36393 1.56816 5.98454 2.17462 8.85432 4.52278 |
| 4.36151 3.92212 9.03334 3.33514 3.77773 2.26 3.73921 4.97801 5.45563 2.79244 2.45937 4.57511 3.83512 6.88904 4.13305 4.2343 5.80719 1.36994 4.51289 8.05907 8.77724 9.09807 1.2684 8.07763 0.699301 3.15972 5.39792 2.92097 2.79352 0.649805 1.2792 9.50523 4.45817 8.38461 0.123119 9.25642 2.68812 9.18415 8.02246 3.48085 2.60085 2.47411 2.30552 8.90455 8.83408 4.35387 5.43027 6.61978 8.72036 3.05533 0.981937 3.42033 5.40748 3.51838 3.46773 2.08546 0.332274 4.52762 5.71999 5.79111 1.26785 8.67605 8.30054 7.15433 2.75395 5.62169 3.69176 7.36369 1.46077 1.11179 5.92306 8.84398 0.817845 5.5151 2.2489 7.32582 5.07121 1.86024 5.0007 6.75532 6.73086 5.52802 9.3779 4.3821 9.98225 1.71922 4.98771 8.39101 7.7501 5.87292 6.18209 2.41434 7.82859 5.17776 2.63589 1.44212 7.79116 6.05867 8.04339 5.19593 |
| 7.91556 6.75222 4.57163 5.36205 9.92787 7.64539 6.09016 7.27398 3.79071 0.542208 2.88858 8.33328 7.41156 6.03188 7.73116 7.61855 4.89606 8.01863 9.16351 1.11176 5.26815 1.76187 1.76448 5.67206 0.286477 4.82111 8.37773 4.46073 1.47746 1.65379 5.27701 0.766002 4.19774 1.38789 6.31263 6.40705 3.20725 4.20679 3.52844 2.51449 0.955749 3.27377 2.26312 6.25188 5.39049 8.04202 2.1691 6.1199 7.21721 9.56698 2.26846 6.02026 2.50512 3.53154 4.59576 1.00535 6.8948 0.844516 3.78229 9.00224 0.674631 8.52533 5.18922 5.2156 8.65683 5.26386 9.70285 5.72611 8.79349 2.20533 4.98514 5.16778 4.79987 1.46766 6.99301 1.49858 6.60312 8.58267 8.94351 3.63086 3.90625 2.29017 0.886221 4.71138 4.1007 0.438046 2.23488 1.67815 4.616 1.19187 1.78606 8.25882 6.05807 8.00834 6.12859 3.21538 0.966567 5.09215 3.70375 8.85051 |
| 0.516775 5.44563 4.69588 3.59194 9.67578 0.812139 9.62744 8.36849 9.14698 3.2794 6.9272 5.5145 2.23326 4.4722 4.27224 3.52691 6.78397 8.1158 2.32415 1.9839 3.38846 9.84238 0.868626 9.0054 3.70533 5.42401 1.29188 2.6445 6.18081 0.814501 9.31785 5.16114 3.3098 7.79894 6.712 8.56327 2.8886 8.63138 7.68591 7.0386 7.71469 0.722619 5.05146 9.94806 7.12058 5.51185 7.72055 9.356 6.3341 7.14209 7.13817 1.17479 4.65809 8.54077 4.70137 5.95593 1.29784 2.80677 3.37035 5.50822 6.63872 6.9039 3.92439 7.14948 1.30172 7.92999 9.30549 7.3942 4.38645 3.08641 3.31382 5.401 4.61078 3.32295 8.89262 8.181 8.01843 5.73141 7.84552 9.66621 9.91952 7.34786 5.50008 9.81093 2.27682 6.52488 3.58507 4.31142 1.99215 2.04378 9.85837 9.66692 1.96211 7.17323 0.521446 3.94192 1.88037 3.40406 2.07693 7.02856 |
| 8.95774 2.69662 2.17505 6.02695 4.95948 3.97114 3.00852 4.22341 2.86064 8.75715 1.40706 8.51627 2.97636 3.60459 2.31494 7.27012 8.87724 9.81979 1.22523 2.40908 9.39101 4.74863 0.275355 7.8839 4.64677 8.20112 6.23239 7.83855 2.49442 3.76273 0.271097 6.3285 3.06506 4.52504 2.28724 1.5743 9.30811 1.42293 5.20583 4.39143 6.77448 8.72084 1.11571 1.74995 1.34165 9.17835 0.496194 9.53373 3.3357 3.10418 1.89599 5.93351 4.58072 8.18944 9.88601 4.11717 7.29226 0.983065 2.37235 2.05374 7.1424 2.28119 9.91689 3.13952 5.88846 7.36376 2.79563 6.19694 1.96681 6.21048 9.59786 1.19392 6.17865 4.49193 5.86619 3.08057 5.11504 8.41174 6.18029 2.14719 7.79437 0.0470769 1.2212 4.72186 0.3611 9.00304 4.1579 1.82674 2.0383 7.66288 0.053439 8.15007 8.16766 3.86033 0.641466 1.12646 2.36423 5.69357 1.89816 2.29968 |
| 0.697863 8.99166 2.762 1.01788 7.42663 9.43766 8.74304 4.31902 9.84653 0.704493 0.419667 3.33607 9.34868 3.2664 8.30799 2.34798 2.51282 3.04159 0.0755562 9.87255 7.99935 5.14016 0.691324 9.07734 2.91154 4.31244 9.10889 3.07872 4.03433 5.02445 5.87636 4.05128 9.91978 1.8096 3.87772 2.84906 4.13053 1.79925 0.0276062 3.97668 5.97859 2.13179 8.93142 0.366278 6.04166 2.2074 9.73594 1.88544 8.66359 8.95643 0.735911 8.4569 5.04892 7.2758 4.43064 5.72128 7.50076 5.25375 9.83534 2.48798 5.52186 5.8305 3.15305 3.31853 4.4568 5.43175 1.35956 0.191702 1.92722 0.740958 3.27916 2.9122 5.31381 9.14692 2.36802 9.35177 5.27473 2.4254 3.7274 6.47499 5.18135 2.98769 4.04934 7.33642 3.16698 7.35193 3.92782 4.94636 3.398 0.117813 0.0782316 4.8381 3.89197 2.40225 4.57278 4.6355 8.83108 3.97999 1.66454 5.85585 |
| 9.25174 4.02544 5.50628 4.04118 0.177887 9.75296 8.07151 7.80884 3.2126 4.24494 4.75062 3.71947 3.05246 2.64589 9.46386 9.15734 7.37112 6.37111 9.20274 0.430302 2.09301 7.15272 5.73114 3.26216 7.19134 4.77468 8.0711 1.02283 0.742639 1.53823 2.98074 7.23092 0.110768 1.67051 6.23381 1.62273 3.20183 3.22478 8.84901 5.30765 5.65313 2.17282 8.5845 9.76571 2.32502 6.56638 1.17222 1.45896 0.726933 7.56051 9.40925 1.30517 5.97559 1.67268 2.71917 1.06038 1.87311 1.34229 9.79474 0.190432 0.597231 7.65315 6.53405 7.84265 1.48496 7.78051 6.97099 1.45242 0.850265 0.406805 7.16541 9.09456 2.22706 0.157655 9.70919 2.4295 2.63561 6.71523 2.91326 3.11222 7.12321 9.76755 3.13579 3.21537 0.648582 0.711814 3.4595 3.89565 4.18392 9.13389 3.27312 1.31849 9.86281 4.23978 7.93803 4.48129 7.02497 8.61455 4.78097 3.79565 |
| 3.43379 1.69489 6.09435 7.7268 4.32882 4.5405 2.20315 8.34912 3.6277 0.726146 4.33512 0.277959 1.65146 6.05016 4.95654 4.53815 2.71567 2.33131 2.31088 9.00453 9.20479 4.84089 0.863025 4.85308 5.69867 7.61326 5.99382 8.19102 6.51499 7.49519 1.73287 4.29743 6.91463 4.11644 5.03773 9.11439 5.55886 7.67717 0.202058 5.98723 7.45682 6.76585 3.5762 5.2273 5.2427 4.04156 6.42787 3.19982 9.3697 6.63119 0.473057 0.671961 3.64024 1.50506 5.57623 9.69873 6.55291 4.68374 9.67722 4.96713 2.59525 8.4107 8.56814 4.77026 3.80152 2.1362 3.14082 7.72732 3.03856 8.99879 2.69806 6.32143 4.3032 3.83583 8.87716 8.45542 0.242621 7.73326 2.91351 7.43613 9.1204 6.59595 8.16067 6.45869 1.21984 1.92138 2.63828 1.57395 3.31507 6.36166 0.43036 3.05291 0.262434 0.723907 6.70084 1.093 0.118885 8.09328 3.78036 6.44682 |
| 1.62191 9.51054 3.64896 8.01047 1.93986 3.30335 9.35144 9.67379 7.40732 4.77857 3.50808 0.307898 4.84599 6.56975 7.80179 4.69414 4.38095 0.666069 4.61969 3.04805 8.58691 0.259112 4.89474 5.83526 3.19529 3.16231 8.98822 4.99346 5.08839 0.530075 8.9784 9.91655 7.44576 0.832209 6.93581 0.238157 2.70405 6.96917 0.781741 8.72769 6.26571 7.74992 2.89554 5.26135 7.48162 3.55891 4.53763 3.99264 4.25878 7.28692 1.327 2.82498 9.50059 6.34513 2.6056 2.30362 6.95223 6.08332 2.28521 7.46918 4.45796 4.9983 6.35294 3.94561 3.94904 1.45587 8.76172 8.2163 1.41515 4.50523 9.38331 5.22567 7.75821 2.26791 6.76949 4.83953 8.04071 0.13983 0.130727 7.13656 4.10815 5.68695 0.650543 3.67163 9.06974 5.03744 4.1765 4.42218 3.61124 4.07432 7.15413 9.53739 4.90614 7.46039 6.74597 9.45386 1.07581 1.05624 2.234 6.78801 |
| 6.0818 6.73008 2.39106 6.62361 3.06853 2.80331 5.27287 1.0455 1.65047 9.3796 2.8909 7.42161 5.00217 1.47726 8.29604 1.61977 3.41462 9.53164 8.26003 6.25292 2.85535 9.87777 5.66979 2.2353 8.61818 5.74964 4.21133 9.79054 9.6066 8.11655 4.82177 9.41627 9.30326 9.89204 5.55936 6.17168 7.37117 7.33579 2.55051 6.34232 5.30827 6.0424 4.64045 1.98156 4.05634 4.84966 8.31746 1.4889 4.00466 6.32679 4.33908 6.91206 0.956598 7.54359 5.11224 1.43584 2.17603 2.54599 0.453535 2.56865 1.25547 0.703744 7.82563 5.35815 4.37631 2.64711 9.92489 7.60453 9.2573 7.5165 9.88521 0.758263 4.1263 0.702557 7.87567 6.32852 3.51766 1.35532 8.94302 5.31143 9.23745 3.83268 5.79599 3.13801 0.485632 2.01101 9.04085 9.59874 6.06762 8.4835 2.18255 2.09591 5.90458 8.29029 4.82307 1.42011 7.79462 4.25539 0.405263 1.25966 |
| 1.12354 3.27427 0.701981 8.18733 4.3852 2.13326 3.77052 1.05215 3.54508 2.23659 0.411018 7.98224 7.45519 9.42889 1.28986 8.72925 2.4374 5.37498 7.31717 9.64851 2.43421 1.83635 3.61604 4.76043 8.61175 7.71867 7.61421 1.94983 0.856599 6.86562 0.451653 0.938141 7.33856 9.12593 9.55796 0.585129 4.25599 0.419338 7.80572 0.801444 9.87757 2.36527 3.03501 9.38299 9.90444 3.90068 8.6533 5.9583 1.06714 5.50033 4.03482 3.22108 6.71726 7.06127 8.78945 4.26501 2.02315 3.14607 5.93715 5.71805 3.24445 9.53745 5.93922 0.448423 6.6485 1.27128 6.35114 3.66884 2.12334 6.93064 3.20737 6.19234 4.66529 9.58473 0.494218 6.3219 2.20869 1.47102 3.36916 5.54018 3.7568 0.596963 3.1508 5.47529 3.2129 9.23707 7.44417 4.13028 7.62561 3.55595 4.77045 7.03624 8.01942 2.37653 2.41334 1.06545 7.02009 6.70839 7.89756 4.30069 |
| 1.75666 4.12081 8.43616 6.52982 6.73226 9.14189 7.82304 1.87233 8.33329 7.68329 3.02388 2.34795 1.95113 2.57454 0.281582 2.55258 1.29472 0.439359 4.29922 6.95661 9.8085 1.40329 5.16479 4.5657 5.65144 3.78407 8.93482 7.46841 1.52849 9.31077 6.13647 5.58167 1.16214 2.12169 9.17395 6.54945 6.58086 4.45342 8.61121 8.60235 9.76782 7.75843 6.00993 8.93214 2.41223 2.42828 2.13905 1.08649 0.578907 9.69523 7.67748 5.36488 7.51994 7.61971 4.49837 4.13971 6.03375 9.16468 0.729332 7.88791 2.06248 4.18516 0.0293558 3.38293 6.85611 0.677029 8.8316 2.69042 7.96123 4.35524 8.50257 2.64999 8.3223 2.81725 9.45317 9.4808 3.87697 0.281005 2.85806 5.43655 2.12676 4.3808 8.17963 5.06439 7.23719 5.44 0.107786 1.56124 9.76069 7.87474 0.694178 7.05518 6.38344 6.50698 2.83962 5.41888 5.1551 1.69433 6.67289 1.22206 |
| 9.08591 6.92519 1.67508 3.09102 0.848253 6.59133 0.528805 7.6229 8.01555 7.4273 0.563235 6.28578 5.06479 3.94157 5.97084 1.85099 9.61025 9.48694 7.07211 0.994212 9.72624 8.85654 1.82936 6.05928 8.25985 3.30919 7.5471 4.04793 3.59567 2.49429 1.49943 0.858144 2.82537 6.03341 3.56765 1.48014 6.74174 8.42064 5.69533 1.36725 9.42564 6.75384 1.8524 3.20707 1.17971 7.34274 9.48797 4.25772 9.56168 3.22903 0.335223 4.0953 9.77817 1.65081 5.18637 7.35282 8.79041 0.467551 8.12906 5.06434 6.37277 7.0913 3.49995 3.65417 5.61932 3.83261 4.61632 6.4472 8.09542 9.67662 5.03516 5.88059 5.03262 3.20473 1.8353 5.8357 0.636441 6.66052 3.41646 0.365891 9.52237 2.54525 8.0586 0.912053 8.8825 8.14381 3.04105 0.936392 7.93583 7.44041 1.03511 7.07751 1.6771 7.03141 6.82796 7.52394 4.79641 3.31836 1.75013 4.40309 |
| 2.81494 0.630077 9.70583 5.89596 3.36909 4.33852 7.44481 4.95579 2.00954 4.39366 4.21943 6.0067 4.55554 4.96013 4.87836 0.646967 3.58069 0.616994 9.81757 3.87709 2.24566 2.78902 5.04058 7.06937 4.94041 3.50418 4.6744 2.64706 9.21676 6.06545 2.08775 8.85257 5.10557 9.33108 7.52942 7.02297 5.13687 5.3153 4.24969 4.56198 3.1985 7.22687 2.02871 6.55918 0.199715 6.60612 9.03755 4.12536 4.90988 0.403728 5.46097 2.58946 1.0023 5.58011 4.92127 1.70258 5.20127 7.69513 1.96588 0.576763 3.6584 6.67046 0.434619 4.64149 9.56436 8.16656 5.32256 6.29034 1.69215 9.90226 7.23202 8.60064 1.01037 1.36355 7.1459 1.12789 6.49207 2.22526 9.9899 0.204884 3.48641 6.07759 6.13889 6.26486 3.52322 4.81963 3.46272 7.85831 4.60241 2.71832 6.75973 0.765102 9.07336 5.92768 6.58354 9.6136 5.84862 7.7688 0.278053 3.23778 |
| 7.44443 8.59929 8.33339 9.30702 3.16879 7.78414 8.094 5.79329 7.74397 2.89911 5.35753 4.06468 5.03434 2.13263 3.12321 1.78365 7.84056 6.25112 2.55055 7.14679 6.07751 4.71347 9.28751 5.12589 0.871099 0.565766 8.8217 6.36646 1.08743 6.50533 5.14796 1.83998 4.62384 2.86506 2.99511 8.88103 3.47259 3.84073 1.16713 5.95196 4.62257 1.61286 7.39292 2.85282 7.38536 5.71823 6.25502 8.17842 4.63851 9.39467 6.22171 8.30148 3.00366 2.55947 7.07177 5.24692 4.95151 0.0881838 2.10498 8.43848 5.58137 6.09527 3.24226 2.73231 1.86754 7.74368 8.0866 1.45623 4.79601 6.48172 8.23067 2.92994 3.5787 7.13751 0.0982056 0.54191 7.88432 1.75616 5.81249 0.551022 1.03189 2.92522 4.098 5.13002 0.248654 9.12716 0.20478 1.73941 4.21253 9.91887 6.38241 9.22049 8.75005 2.16348 1.67621 2.0587 0.570085 1.42599 6.64253 0.988799 |
| 8.74117 2.87737 9.93645 1.88311 9.37968 4.23649 2.71353 6.22522 7.19444 6.96717 7.27267 1.79549 6.74241 9.69108 8.00252 8.36753 3.13462 3.54175 6.21826 0.277093 7.10388 4.92493 3.3397 0.259434 0.302445 3.18535 6.24871 2.05747 9.83858 7.03285 1.03641 8.89484 5.62297 5.31993 2.04122 6.76865 0.751365 8.18365 2.5554 8.61475 8.16016 7.86643 1.14375 3.06236 9.00445 7.73468 6.78277 7.9593 2.0123 0.700798 8.3197 9.13311 0.242606 7.47812 4.78162 4.70263 7.1261 8.38401 0.0912003 2.8042 0.230074 6.85855 1.64987 9.40622 0.341339 6.89138 3.37956 0.203608 2.03613 1.25399 5.73997 1.74279 1.06194 8.05051 4.98993 5.80826 9.39219 4.46991 5.77081 9.95503 4.18169 1.72431 0.538062 3.21472 9.75122 8.81098 6.16493 4.03846 4.41022 2.55244 8.81995 6.87537 4.34029 7.1984 3.48035 4.31899 9.18669 0.753575 5.33495 4.54345 |
| 1.74289 2.8174 1.97639 7.2637 1.03285 9.08354 7.0154 7.87822 9.31102 0.365523 3.34087 0.0540434 8.30697 5.27836 3.33537 7.60967 5.79183 3.21707 9.2556 8.95041 9.58925 6.44436 0.317781 0.941347 1.22475 4.42023 0.878388 3.05995 8.56669 0.398636 9.86773 6.93867 8.284 9.23933 5.37396 0.182115 0.815145 0.1418 3.23752 3.02645 5.51789 9.12901 1.30755 6.06327 5.32346 1.40814 6.66061 4.92287 8.75935 8.43479 3.52265 5.09646 6.17624 4.03023 6.02451 4.01325 0.625002 4.4157 4.70371 5.24493 1.51734 1.97261 3.72462 9.66141 9.27082 4.64087 9.11224 9.45049 4.41477 9.03915 1.04658 9.90892 9.14707 4.77127 0.66038 9.00102 0.121411 0.562996 2.27234 1.17165 1.9763 5.59668 3.48397 5.14991 4.5373 8.45666 1.00434 9.86227 5.15618 9.9196 8.72014 9.33585 7.64812 1.99095 1.93228 5.8888 3.11442 4.1316 9.87558 8.91075 |
| 2.92119 6.42879 8.63702 2.39531 7.90501 9.51227 2.73707 1.8769 5.12876 9.07566 4.68739 0.902433 7.19151 7.69447 0.873725 4.70038 9.34736 1.01149 0.0843795 8.16589 4.17069 6.78063 2.1125 4.74278 1.86776 1.46645 6.66628 0.239835 0.904259 7.87354 0.546834 0.642539 9.15857 8.05887 5.46802 0.97511 8.67002 7.04235 0.728306 0.646964 3.52285 8.55274 5.89424 4.45261 5.09577 4.68063 7.38087 0.259115 4.93997 6.12367 0.594048 4.16008 8.38285 0.577557 7.00627 4.36814 5.31162 2.44149 4.08776 3.05884 9.91552 0.0649558 1.7123 8.63628 0.0251814 3.22321 2.40817 4.09805 5.96447 4.80763 1.76661 1.48185 5.38226 9.64097 5.81585 6.93853 5.80328 5.70662 1.15499 1.8498 9.5839 6.64851 1.50552 3.27714 8.93613 9.52179 2.65405 6.65581 4.2377 3.08627 0.926153 5.85259 4.53908 8.34071 2.26383 8.11243 5.64691 7.68359 8.09803 3.55751 |
| 1.10572 3.80107 4.59229 2.55145 2.2012 5.58989 9.33098 5.74877 9.54542 9.81396 3.23728 9.04784 6.96791 9.60742 1.92649 8.51046 5.2315 5.80704 8.99315 7.802 8.27877 1.31868 3.01574 5.55311 1.09813 6.27344 7.63423 8.51236 7.17506 1.23548 4.78384 2.07495 3.74129 9.80645 7.02816 2.26095 9.75744 3.36901 2.86857 2.01744 7.16418 8.34177 0.0511278 9.30506 0.0868795 0.184418 9.50918 0.858647 1.28677 6.79769 8.70569 6.48377 2.7128 3.95535 7.5117 9.16725 3.94185 0.631361 1.28845 5.02356 1.054 4.63432 9.00008 4.32475 6.00679 6.04607 6.33188 9.91198 0.564592 9.10105 1.39403 9.46473 3.66242 4.24615 5.05105 3.01124 9.91743 2.29058 7.76263 6.44279 4.04889 9.61696 2.18502 3.59844 8.9567 5.30941 5.19415 8.13106 8.6534 7.62116 8.90099 8.96314 3.42835 0.276014 8.97558 2.63088 7.17584 4.37236 6.22275 5.83247 |
| 6.33373 0.925137 8.78078 8.53105 1.3393 9.55806 2.28212 5.59459 8.32135 6.91383 0.721533 6.79794 3.0494 1.27157 1.22267 9.36507 8.65614 3.70525 4.17429 7.33787 7.58666 8.92774 8.54203 5.91498 3.07682 2.19181 7.74885 4.95037 0.951537 2.4823 0.0849177 7.2113 0.284714 5.18781 1.58897 5.80509 6.13695 3.75209 1.35145 3.85384 1.56567 4.23462 1.21302 7.15096 6.22103 6.87819 1.76347 8.58725 5.92572 3.51486 4.31274 4.2368 7.95289 4.19749 7.17738 0.297989 8.29976 4.02277 0.760735 5.67579 2.98141 8.52672 8.60039 6.83203 5.96921 4.57649 6.99546 2.71936 4.29487 3.81019 7.90984 0.721261 2.23431 2.04976 0.252142 7.74424 7.46126 1.365 1.51909 1.36924 2.81066 8.8121 5.03134 1.66131 1.71201 3.73345 8.1778 4.26912 1.03303 2.06218 8.98219 3.7078 6.96473 6.24841 7.0176 4.76453 7.42956 8.69745 8.10464 4.66535 |
| 0.468871 0.318145 7.05515 5.91409 8.18583 9.18844 0.170471 5.10387 0.71193 5.40725 9.70498 1.68045 3.39222 3.05549 3.69119 7.85645 3.30186 4.43455 1.5023 9.18699 5.76707 7.12666 7.75679 8.4309 8.18201 5.04156 3.5744 4.98183 9.56815 1.93761 5.47404 2.24481 8.45659 9.88916 7.04284 8.95382 6.8623 4.71648 9.84139 4.26076 0.557446 8.98742 1.49806 7.9034 2.49275 5.62341 2.73072 5.17281 9.44824 6.56128 5.48075 5.00893 5.16185 5.16057 3.63312 1.84692 1.17953 4.36716 8.82091 3.11423 0.781527 5.12537 2.05258 7.73222 5.41281 3.15731 4.94734 9.86296 6.68575 7.44296 3.81263 8.9507 4.35926 6.09548 6.64955 9.02375 2.20061 5.66512 3.63108 7.52759 6.14012 7.02485 6.71392 0.829121 5.04315 0.249252 9.17129 1.85595 2.94175 2.03233 7.40834 2.03337 4.8696 3.36174 0.791843 8.49807 7.11989 3.95951 7.42223 5.45202 |
| 2.04737 0.0782925 5.86241 9.55769 6.02682 2.70204 3.21153 6.20939 1.17936 1.47868 2.16944 1.85796 6.77734 6.72106 0.785683 4.97571 6.81176 5.23281 7.84023 0.751216 5.68531 3.06267 4.2838 7.86505 7.90891 4.99229 5.47997 1.80953 2.73601 4.11652 6.42613 3.91801 9.94301 2.21057 3.10997 9.34689 3.17174 7.36662 0.758597 9.74704 8.51125 8.50596 9.68027 6.29223 3.46376 5.44549 2.37379 6.33019 1.57668 9.318 7.5881 3.1779 1.00935 4.11791 9.68359 2.13228 7.16687 3.63461 6.85405 5.98172 4.71685 6.06844 2.30189 7.93205 3.96488 7.75051 2.78 3.54164 4.33539 4.91602 3.57547 2.87619 0.197719 3.05839 2.30868 1.91177 1.11939 3.64056 6.90878 5.84205 7.39344 1.53649 3.82281 0.0474161 6.9224 4.73901 8.61411 7.27814 3.77967 4.83561 2.15942 3.45453 0.313235 4.53704 4.09103 7.91073 5.6575 5.52609 7.0269 1.09641 |
| 7.37848 0.120406 3.66281 0.887999 4.59496 7.46792 3.35189 5.20661 7.4761 0.856345 2.59086 4.51177 9.31116 2.6365 1.66086 4.05038 4.81575 8.34764 8.72247 8.54596 1.96672 4.65515 9.09322 9.74824 8.63793 7.65884 2.10709 3.90399 4.32985 1.83701 4.66108 8.77933 4.17875 2.30384 0.705676 0.291131 3.04168 1.48595 4.29735 5.63447 8.48044 0.675178 7.71231 0.821832 2.52306 5.11418 4.0855 4.94372 9.04886 4.14139 4.29132 4.24104 9.08144 1.70823 0.139196 9.46495 7.43888 5.17506 7.28717 5.4594 6.0925 6.66676 8.20129 9.03463 4.94359 6.98003 3.44247 7.58045 4.66516 7.3899 2.03691 4.36535 8.36569 2.22696 8.45495 2.34801 2.9356 8.71291 7.87506 6.15268 8.08552 3.31541 2.04149 1.34935 8.50339 6.42267 5.89111 1.95114 2.78233 2.60986 3.87389 8.45573 5.40951 7.66561 5.99117 3.66673 6.72287 1.26117 6.54585 6.15612 |
| 5.91401 6.82435 6.87482 5.06862 8.32692 0.52331 5.2672 5.82355 6.37431 2.98946 3.87932 9.66979 0.184362 8.57025 0.270204 1.31627 2.54136 2.62021 7.95019 8.77019 0.555264 2.32189 4.06052 5.19761 6.2492 0.37588 7.40746 7.26165 6.50212 1.20847 0.773346 7.63116 6.98284 0.539525 7.78967 1.03675 4.63478 6.75218 3.81928 0.634473 3.58824 7.60821 1.17562 8.7274 1.39176 1.27698 2.12509 6.30519 1.35685 4.53603 7.03244 4.20156 5.62908 7.93905 1.57322 1.08511 7.52164 6.21758 8.83776 6.21122 1.9618 1.96087 6.35454 0.79734 0.89251 0.423946 5.25884 5.31416 5.0563 1.29034 6.70635 3.64334 3.65568 1.05063 7.98291 8.77447 2.53188 3.26735 4.41505 3.69287 6.04617 7.9456 1.68851 8.82598 8.17175 2.67071 6.65936 3.79183 9.36212 9.17697 7.33945 4.21079 0.752336 4.50734 4.86626 7.30342 8.49982 6.47652 0.887453 5.42973 |
| 7.51036 6.62723 3.79662 9.74739 4.32201 0.0521454 6.40779 5.66918 1.82685 3.88297 1.11955 6.22788 1.98616 1.40552 2.54055 9.05751 9.54022 2.52709 2.80915 3.33782 8.73857 9.22994 7.63811 3.66938 1.35344 7.33646 3.90015 9.81193 9.03441 1.29071 3.0328 2.21439 7.21788 0.884773 0.379272 4.43274 1.04739 3.56123 3.6647 2.6953 9.95051 8.16996 2.52604 5.19152 3.88444 5.82199 0.263975 6.62066 3.40341 1.09967 2.12691 6.93283 0.0215891 2.84785 3.87221 0.180777 8.31926 1.8697 3.96756 2.84675 5.35369 9.41261 7.67405 7.68704 6.11342 8.18884 9.79414 0.085494 6.89745 5.39745 5.00272 0.751742 4.52113 6.59473 7.58045 4.69099 1.4646 5.53447 7.91078 6.49758 4.79227 3.70218 2.60157 4.61374 3.19947 3.43192 0.226707 0.271161 7.40337 8.46489 9.35999 3.29635 1.82669 1.16276 2.53052 0.486045 8.95981 7.49681 8.89616 7.76025 |
| 6.53058 9.47531 1.59931 9.52075 5.19014 0.604594 1.40965 2.00889 3.45725 5.94504 8.24157 6.03419 6.67791 5.69057 1.44116 1.60263 5.40541 8.65864 5.74405 0.195659 8.43367 4.66477 0.849794 2.48425 2.77785 7.38295 5.28501 5.2109 9.51447 9.63495 4.67137 1.75657 2.64163 7.7942 7.12393 1.85733 6.13402 4.53683 0.43987 2.90181 0.662585 6.06655 0.455302 2.25681 0.124124 6.15269 8.30356 7.95818 3.20577 9.34202 1.39862 6.62561 6.55412 5.12215 7.9802 3.15394 8.24177 9.39585 6.10405 0.844614 5.43233 1.11412 4.94471 5.73264 8.50588 8.38086 7.07326 0.312118 5.76409 7.02936 2.53649 0.759053 7.40906 4.00584 6.11639 8.15942 5.41765 4.50718 2.12477 0.931607 7.51151 5.92181 7.85186 6.21635 8.25175 7.10555 3.05862 6.17287 7.37929 3.69117 7.5567 5.40458 4.75071 5.20225 4.2018 9.63023 5.31786 7.23814 1.37856 9.4441 |
| 6.912 9.92735 9.00907 5.45632 4.35699 7.95664 7.2234 3.61606 5.06973 6.98514 9.241 3.46742 6.91106 4.12364 6.06885 9.18526 6.7321 6.4018 5.12804 6.89298 0.335607 0.545798 3.22315 1.55736 4.6251 4.10989 4.95178 4.64023 8.4287 1.16203 0.257601 9.50357 6.47381 5.29243 9.95281 6.91221 3.51566 7.76956 2.94049 0.855977 6.40732 7.82074 3.10215 7.75377 7.59425 6.58686 5.33493 4.12349 3.42518 7.03581 0.810316 8.97374 1.68291 4.66943 9.1347 6.83309 3.69023 1.64404 1.45835 0.453571 3.16752 6.52702 9.623 3.73372 2.70715 9.13325 2.50114 6.65302 7.3655 1.9577 3.09547 5.626 6.22655 9.5842 1.58687 0.534461 2.67939 2.58287 0.320921 3.71103 1.3382 1.0854 2.32539 2.79656 1.82847 1.07569 9.16445 6.91985 1.86953 1.17191 6.23345 5.57655 4.99898 7.88917 3.27609 1.30606 0.923325 8.32501 8.43613 6.12035 |
| 4.67519 5.87144 1.24814 7.49047 2.38867 6.30897 4.82189 1.55999 8.81881 7.74585 4.417 6.44568 2.4819 3.32661 0.385103 2.42084 7.03939 1.09645 7.97892 1.69951 3.70313 8.52612 8.49741 6.0167 2.61485 7.70769 3.09636 0.495322 4.87024 4.13583 0.972512 5.00882 3.2375 2.64922 5.3965 8.95248 4.3712 6.68242 1.49068 3.85764 5.38126 2.83611 6.56177 3.63466 7.65351 2.56678 9.80051 7.17942 4.4752 4.61293 9.57243 3.78134 2.90786 2.42096 9.07261 3.29843 6.68557 4.41728 1.30374 1.93314 0.218259 8.28149 7.02812 1.57512 3.10107 9.67462 1.35751 5.62443 9.77068 5.82205 1.13599 2.56101 2.94841 3.89737 3.0525 3.36537 1.73273 1.95461 1.07775 3.66324 8.12074 5.24187 0.126428 4.87131 2.04906 8.60815 7.13842 5.41895 6.28522 5.75094 6.08141 0.301105 0.674994 4.6317 4.91766 1.15614 1.24926 6.24551 8.22879 1.34702 |
| 9.41153 9.64006 0.423335 4.9937 9.03585 5.55966 1.19081 3.87009 4.58496 9.46661 5.29934 6.02405 6.22523 7.37202 1.55959 1.95743 8.56698 5.23103 7.87502 5.44486 1.80796 6.37007 1.72356 7.8804 5.83458 1.70758 9.36612 6.38419 9.15682 8.68197 7.8572 5.94982 8.70784 2.59534 9.90569 4.91643 0.498908 5.14972 1.33389 8.72459 4.18991 9.77677 8.19823 7.73504 2.88827 3.21859 4.83625 2.84171 0.696946 3.57355 0.688607 3.42104 7.49374 7.32461 4.76679 5.48419 2.77701 3.19907 6.72081 6.57337 8.70738 4.91525 0.558806 1.85771 2.53795 5.33197 4.49476 3.37225 7.4546 9.42076 4.71252 3.31138 4.4082 8.6148 8.87847 0.404629 0.600224 7.97146 6.3815 3.8088 4.53764 4.16302 7.83643 6.81479 6.14037 1.16774 6.24207 0.506425 1.49049 0.586376 5.21657 4.92354 9.97963 7.58476 7.09281 8.85809 7.92615 4.86771 1.53855 8.41458 |
| 3.91723 6.88597 2.4571 6.52674 4.9858 6.27887 8.9977 4.34358 2.5853 1.14553 2.95995 7.82431 3.18205 0.738229 7.41061 0.189582 6.30965 6.21325 6.12601 9.92132 7.59936 2.45872 3.73097 6.39125 7.71066 3.09676 7.27781 8.1482 6.82016 6.34984 1.75211 7.64755 2.45452 3.13743 0.803708 7.92868 7.25282 8.10704 5.04589 6.26369 3.75828 5.34332 5.11388 9.05565 8.23803 6.62039 8.8746 5.44318 3.55117 4.44749 8.93199 9.92509 1.03459 8.32371 6.66106 2.47853 6.6554 7.36889 8.94651 3.91513 1.56431 1.37317 8.81083 3.5564 2.49367 1.15633 4.46347 7.49972 7.77857 4.3697 1.58827 3.98829 1.17677 7.94427 9.27676 4.58509 1.65901 2.97993 3.74296 7.88668 1.45824 8.59645 0.565773 8.94012 6.53319 3.39596 5.88183 5.91627 4.69247 6.40888 4.08822 0.749734 0.784546 5.85902 2.61044 3.67282 9.02799 3.49711 5.97679 1.8831 |
| 9.32638 8.46415 7.04128 2.81782 9.04955 5.85511 6.89884 8.72676 0.733887 4.43246 6.35337 1.14204 4.26061 8.10568 2.14452 3.01878 6.57658 2.50028 2.27911 5.0638 7.22296 6.26318 5.31777 5.78494 7.44206 8.64787 4.7555 5.70671 2.66735 0.211981 2.75636 6.2 3.44648 4.95031 9.83777 3.33967 9.89152 6.71102 2.17916 5.10601 6.66964 6.56723 5.46544 7.60607 5.1708 5.70994 6.88727 4.27757 3.08773 5.51645 4.95218 1.34931 7.88221 6.26843 3.49669 8.89017 7.0467 3.81924 9.9427 6.96315 9.65378 1.09046 7.43128 7.58928 3.00335 7.27276 3.29588 3.85178 6.7874 5.81931 5.17462 9.80023 2.46513 1.37313 8.19106 7.07896 6.10821 0.652384 4.62594 8.12175 2.31541 5.07277 8.10589 5.65786 1.64725 5.36176 5.13101 6.81966 8.03213 6.02162 5.42323 8.26732 8.77285 5.35966 9.85146 3.40902 5.47285 2.12994 7.92577 8.42637 |
| 1.99277 2.56626 1.09915 3.46656 2.47798 7.39626 8.95787 4.95798 8.70355 0.628746 7.3286 1.73672 9.07582 7.29482 4.03193 4.66065 1.57242 7.60654 3.1429 2.73169 1.58056 4.47495 0.451105 1.72283 5.53915 6.52721 2.78712 3.14609 6.38286 6.79508 4.96755 9.66246 7.03339 0.174085 5.83939 2.6169 2.28146 4.42926 2.56665 7.69303 6.68383 5.07403 9.30541 6.01074 2.45164 4.73361 7.73 8.13644 9.19541 7.24615 5.97661 8.95534 2.35521 4.06917 0.61343 9.92197 8.60754 6.93463 0.396902 0.734305 1.46844 0.140292 7.88275 5.31571 1.17978 8.64263 6.5992 2.74569 6.7621 0.539493 7.26648 7.73561 2.41899 5.99086 8.32946 3.21287 8.65565 5.50189 0.210895 4.50731 4.27788 8.2925 2.0917 5.1596 7.44654 4.0781 0.696113 9.57781 4.29283 9.53547 2.63583 0.329293 4.43307 6.53791 2.58113 1.02244 4.10885 7.47824 6.79754 6.2061 |
| 5.94499 7.48499 0.276213 2.31142 7.98232 8.83232 4.81809 7.60236 2.80646 8.16049 3.43341 5.28784 2.68409 1.42979 0.398325 4.64159 1.26526 5.27405 1.02723 4.72351 7.99585 6.30222 1.43846 6.26956 2.49825 8.17062 3.6524 5.88803 0.190741 5.78204 8.80704 9.9479 4.38205 9.1244 3.86227 3.08834 5.75005 1.1332 5.75651 9.62171 2.05273 0.14955 3.48944 6.97318 8.21358 5.67957 6.60963 8.11357 4.75773 3.23157 2.95403 8.38215 8.78439 9.29021 0.488389 8.36033 2.12979 5.43785 3.8789 2.6169 2.27582 9.72205 8.53082 7.46493 3.09142 7.42342 5.43329 7.22814 3.35823 1.75472 1.60851 4.15665 0.90036 2.35423 7.48424 7.5712 9.12766 8.52648 4.55416 1.79556 8.01764 2.45828 6.33372 0.820029 2.22828 0.751572 1.66802 4.49406 1.66025 3.7854 1.1682 3.9631 7.79594 6.36504 7.28752 1.40697 6.91922 1.37531 4.78254 0.169024 |
| 0.787652 8.06568 9.89541 2.0911 5.1845 5.95867 7.3147 8.17047 1.09537 9.86189 8.81987 5.61094 3.09523 1.60254 3.96504 0.444109 4.14055 0.225379 7.9513 7.41612 2.75863 4.22176 5.06732 6.50238 5.56267 1.82178 8.65217 6.98373 5.59206 5.73299 4.30898 1.02001 3.30756 0.211936 2.01528 0.886843 5.17852 5.36932 2.10806 0.09432 5.23681 5.01098 9.60249 9.03569 2.85792 3.03096 1.35681 3.97292 2.88858 8.39863 5.75209 5.33632 7.45976 6.22498 3.20526 0.841178 7.6839 3.23674 9.95383 4.00422 8.89119 4.2327 8.9636 1.22576 1.37434 8.55809 5.75731 3.17448 3.4097 6.77389 8.74989 9.34286 5.45736 1.90058 3.06254 2.11363 3.75178 6.10912 5.89721 4.45271 6.61675 7.73438 1.71918 4.32575 2.92489 8.65195 3.24476 4.72915 2.84636 8.79495 6.80001 7.74589 5.11699 1.18545 3.82192 4.99441 1.08682 6.13046 4.70987 8.75672 |
| 4.24946 0.632125 4.12894 5.12644 0.0379691 8.14626 4.22348 4.09298 0.69727 9.0211 7.56604 2.50556 0.918067 9.96021 1.30844 0.889306 6.56319 7.46235 9.71102 3.19441 8.47316 8.34441 4.47634 3.82878 0.357521 8.86076 2.81727 9.83596 2.99402 0.533281 2.85896 0.503643 4.73036 3.07893 7.65411 2.56684 0.893933 4.3238 0.0947595 2.62286 2.48317 4.56926 5.51119 6.61055 3.57347 9.24292 5.76082 2.07863 5.47224 2.0027 9.34329 2.6955 3.30857 7.08872 0.101636 8.20362 8.323 4.64007 5.69745 7.10472 9.11226 9.78053 1.3633 2.91559 2.32265 6.70332 2.65596 8.64273 8.38549 4.93045 6.12083 2.8456 6.06075 2.9803 9.8822 0.0738348 0.941127 7.51944 9.16982 7.09465 9.74149 5.24581 6.36146 7.06463 5.22712 2.19362 8.23467 0.150395 7.69492 8.58168 2.32179 2.36103 1.76692 6.55349 4.49973 7.00186 0.274336 0.763714 5.7352 1.55882 |
| 9.06881 9.50671 9.27433 3.66476 3.70295 5.44073 2.35519 3.73053 8.97334 4.87968 2.81633 4.09627 6.03291 5.11376 6.99215 6.98481 3.72114 1.18082 6.03337 2.7721 0.663977 9.46074 6.63473 9.90564 4.16596 7.3404 0.155374 1.37274 1.67419 8.19353 8.66852 1.86053 0.00268855 5.18648 9.20438 8.00033 1.57468 5.57727 7.13737 7.73707 6.90661 9.31467 1.59786 5.26464 2.7541 8.14162 6.22878 7.16533 7.63024 1.5069 6.40187 6.26951 1.67938 5.37185 4.66754 7.32473 6.75469 6.08238 6.52885 0.332576 9.59911 2.2067 8.0399 6.55333 1.84589 3.85328 2.06563 7.09048 9.69267 4.68833 6.7099 3.26987 6.65607 8.65068 1.98349 6.54313 0.31598 0.673569 0.66751 8.84112 2.77169 3.71831 3.6199 9.57944 1.67307 9.22578 7.63131 9.46982 9.30246 6.49291 6.28917 2.07981 5.41282 3.18697 3.47555 3.60713 4.96975 6.63079 3.66795 7.24979 |
| 7.25654 0.628853 9.13563 2.49663 0.788661 5.02378 4.65938 0.147183 3.70385 0.681019 5.89004 3.97444 8.37523 2.52109 2.03987 4.07743 9.29607 9.00485 4.46841 0.580307 3.22247 9.9993 8.3042 8.61402 5.85046 8.65635 7.31274 5.20236 6.05508 7.77846 2.65815 5.58938 0.660378 8.97942 7.07712 5.09231 6.39797 0.734078 7.64894 5.75354 9.81736 0.29183 4.78491 9.99092 7.41515 6.39791 9.73716 2.36549 6.7476 6.96355 6.40113 3.76376 7.44771 3.62751 7.62174 8.55607 1.87086 3.49013 8.59776 2.60569 3.82068 4.23708 2.61897 7.02678 9.07048 7.50664 4.1267 7.48966 8.76092 4.81999 9.49857 2.43128 2.53899 2.87306 7.50857 6.46878 0.822275 9.97463 3.55765 3.46881 0.320822 2.06327 7.37228 5.94087 8.12661 3.9824 2.16138 6.30219 0.986961 7.85456 1.62722 8.64451 8.31047 4.13257 6.18683 2.07653 0.197389 7.51473 0.1472 3.9939 |
| 5.47145 8.62328 1.54833 2.72905 7.14854 5.51335 2.80383 4.02087 8.72357 7.0554 0.151056 8.79819 1.24172 9.59239 9.30319 8.64663 3.95113 6.69676 2.37568 8.0853 9.57518 0.132538 7.56587 9.60534 6.95992 5.29597 9.32905 3.33414 6.85751 4.13892 2.81289 6.3253 9.32671 3.97955 4.35134 3.00047 8.97052 7.58266 1.81662 2.0087 0.277158 8.19558 3.131 2.72609 7.36634 6.00439 5.80226 8.50223 6.89682 4.89423 7.3449 5.7412 2.28458 6.9791 7.78363 9.40469 4.64862 9.37895 2.00364 5.20452 2.43846 3.27874 5.79208 7.49567 9.649 0.824004 9.02987 4.96538 3.11535 9.76259 9.77682 8.97234 8.13767 9.81069 8.30314 0.843702 0.0948343 3.87994 0.0826975 9.89611 3.89538 9.68423 2.79797 5.54918 5.01164 0.667332 5.84519 0.106384 8.00097 2.34939 6.28096 4.09654 0.54669 8.2177 4.80567 8.8619 1.89764 3.70194 8.54532 1.20891 |
| 8.07308 4.24154 7.6229 8.10407 5.11968 6.45943 3.61877 0.662246 0.369968 8.04545 9.81094 2.4526 0.863597 4.48061 5.59338 7.9443 9.86711 6.48045 6.96846 8.95938 0.375675 3.97811 0.0336385 5.36205 9.89366 2.82526 4.0949 2.9729 5.59789 3.69056 7.30361 1.69447 8.88626 1.42392 1.82708 7.769 3.57749 6.93851 5.53616 6.32191 2.34534 8.1208 6.23809 3.57148 5.87277 3.62436 4.5498 8.45325 3.72815 8.97503 3.39044 3.14014 6.28055 7.18499 8.2106 5.60161 6.28767 6.78687 6.85061 8.13092 6.32521 7.75995 1.42974 9.72189 5.83056 4.29727 4.14315 3.9549 0.0810335 1.92967 2.02474 9.85011 0.762564 6.4137 5.01358 3.31754 7.82052 9.50162 3.79433 1.36578 4.59367 5.76736 1.94982 0.549493 5.32281 0.49881 3.50696 1.55216 7.16746 3.52722 1.93364 8.66502 3.0701 9.1842 8.903 2.79739 5.75565 5.20045 3.9474 4.00261 |
| 1.82385 3.42316 3.06889 8.91751 6.5391 2.59135 2.89303 3.12848 0.376039 0.0871354 4.48493 8.20839 8.42714 4.94776 7.06697 4.58898 7.02993 2.08607 0.53739 1.91109 9.72381 8.04414 7.7794 8.31747 1.65741 6.01324 4.50938 9.07642 7.39068 5.14788 0.414177 1.0696 6.68746 6.11408 9.34572 3.48803 3.25255 5.59301 1.73275 2.27079 5.20439 0.118259 7.58607 9.03826 6.07756 5.4738 8.18362 2.18294 8.73142 8.90288 0.706655 6.75092 2.79468 0.151161 0.562805 9.06681 5.92439 1.14843 1.67565 2.67887 3.84637 6.00339 9.04592 4.78243 8.34595 0.375282 7.36193 1.93368 9.29082 0.831641 7.38577 2.56755 2.86569 3.73219 6.88796 5.97016 0.543218 9.86781 8.24928 5.60201 2.90658 0.925054 7.38369 7.72049 8.23323 5.92301 8.00257 9.19024 0.386909 2.77322 9.52013 4.76909 4.09355 0.254989 5.59873 7.89762 5.21967 6.92374 7.29774 3.13465 |
